1 226 -1 -1 -1 -1 Bulbasaur 1 4 0 0 0 0 0 0
2 227 -1 -1 -1 -1 Ivysaur 1 4 0 0 0 0 0 0
3 228 -1 -1 -1 -1 Venusaur 1 4 0 0 0 0 0 0
4 229 -1 -1 -1 -1 Charmander 10 0 0 0 0 0 0 0
5 230 -1 -1 -1 -1 Charmeleon 10 0 0 0 0 0 0 0
6 231 -1 -1 -1 -1 Charizard 10 3 0 0 0 0 0 0
7 232 -1 -1 -1 -1 Squirtle 11 0 0 0 0 0 0 0
8 233 -1 -1 -1 -1 Wartortle 11 0 0 0 0 0 0 0
9 234 -1 -1 -1 -1 Blastoise 11 0 0 0 0 0 0 0
10 24 -1 -1 -1 -1 Caterpie $ $ 0 0 0 0 0 0
11 25 -1 -1 -1 -1 Metapod $ $ 0 0 0 0 0 0
12 26 -1 -1 -1 -1 Butterfree $ $ 0 0 0 0 0 0
13 27 -1 -1 -1 -1 Weedle $ $ 0 0 0 0 0 0
14 28 -1 -1 -1 -1 Kakuna $ $ 0 0 0 0 0 0
15 29 -1 -1 -1 -1 Beedrill $ $ 0 0 0 0 0 0
16 10 -1 -1 -1 -1 Pidgey $ $ 0 0 0 0 0 0
17 11 -1 -1 -1 -1 Pidgeotto $ $ 0 0 0 0 0 0
18 12 -1 -1 -1 -1 Pidgeot $ $ 0 0 0 0 0 0
19 17 -1 -1 -1 -1 Rattata $ $ 0 0 0 0 0 0
20 18 -1 -1 -1 -1 Raticate $ $ 0 0 0 0 0 0
21 13 -1 -1 -1 -1 Spearow $ $ 0 0 0 0 0 0
22 14 -1 -1 -1 -1 Fearow $ $ 0 0 0 0 0 0
23 50 -1 -1 -1 -1 Ekans $ $ 0 0 0 0 0 0
24 51 -1 -1 -1 -1 Arbok $ $ 0 0 0 0 0 0
25 22 156 104 -1 -1 Pikachu $ $ 0 0 0 0 0 0
26 23 157 105 -1 -1 Raichu $ $ 0 0 0 0 0 0
27 48 112 -1 -1 -1 Sandshrew $ $ 0 0 0 0 0 0
28 49 113 -1 -1 -1 Sandslash $ $ 0 0 0 0 0 0
29 95 -1 -1 -1 -1 NidoranF $ $ 0 0 0 0 0 0
30 96 -1 -1 -1 -1 Nidorina $ $ 0 0 0 0 0 0
31 97 -1 -1 -1 -1 Nidoqueen $ $ 0 0 0 0 0 0
32 98 -1 -1 -1 -1 NidoranM $ $ 0 0 0 0 0 0
33 99 -1 -1 -1 -1 Nidorino $ $ 0 0 0 0 0 0
34 100 -1 -1 -1 -1 Nidoking $ $ 0 0 0 0 0 0
35 41 -1 100 -1 -1 Clefairy $ $ 0 0 0 0 0 0
36 42 -1 101 -1 -1 Clefable $ $ 0 0 0 0 0 0
37 125 153 -1 -1 -1 Vulpix $ $ 0 0 0 0 0 0
38 126 154 -1 -1 -1 Ninetales $ $ 0 0 0 0 0 0
39 44 138 -1 -1 -1 Jigglypuff $ $ 0 0 0 0 0 0
40 45 139 -1 -1 -1 Wigglytuff $ $ 0 0 0 0 0 0
41 37 63 28 -1 -1 Zubat $ $ 0 0 0 0 0 0
42 38 64 29 -1 -1 Golbat $ $ 0 0 0 0 0 0
43 83 88 -1 -1 -1 Oddish $ $ 0 0 0 0 0 0
44 84 89 -1 -1 -1 Gloom $ $ 0 0 0 0 0 0
45 85 90 -1 -1 -1 Vileplume $ $ 0 0 0 0 0 0
46 70 -1 -1 -1 -1 Paras $ $ 0 0 0 0 0 0
47 71 -1 -1 -1 -1 Parasect $ $ 0 0 0 0 0 0
48 108 -1 -1 -1 -1 Venonat $ $ 0 0 0 0 0 0
49 109 -1 -1 -1 -1 Venomoth $ $ 0 0 0 0 0 0
50 132 -1 -1 -1 -1 Diglett $ $ 0 0 0 0 0 0
51 133 -1 -1 -1 -1 Dugtrio $ $ 0 0 0 0 0 0
52 136 -1 -1 -1 -1 Meowth $ $ 0 0 0 0 0 0
53 137 -1 -1 -1 -1 Persian $ $ 0 0 0 0 0 0
54 138 158 43 -1 -1 Psyduck $ $ 0 0 0 0 0 0
55 139 159 44 -1 -1 Golduck $ $ 0 0 0 0 0 0
56 134 -1 -1 -1 -1 Mankey $ $ 0 0 0 0 0 0
57 135 -1 -1 -1 -1 Primeape $ $ 0 0 0 0 0 0
58 127 -1 -1 -1 -1 Growlithe $ $ 0 0 0 0 0 0
59 128 -1 -1 -1 -1 Arcanine $ $ 0 0 0 0 0 0
60 72 -1 -1 -1 -1 Poliwag $ $ 0 0 0 0 0 0
61 73 -1 -1 -1 -1 Poliwhirl $ $ 0 0 0 0 0 0
62 74 -1 -1 -1 -1 Poliwrath $ $ 0 0 0 0 0 0
63 89 39 20 -1 -1 Abra $ $ 0 0 0 0 0 0
64 90 40 21 -1 -1 Kadabra $ $ 0 0 0 0 0 0
65 91 41 22 -1 -1 Alakazam $ $ 0 0 0 0 0 0
66 140 73 40 -1 -1 Machop $ $ 0 0 0 0 0 0
67 141 74 41 -1 -1 Machoke $ $ 0 0 0 0 0 0
68 142 75 42 -1 -1 Machamp $ $ 0 0 0 0 0 0
69 64 -1 -1 -1 -1 Bellsprout $ $ 0 0 0 0 0 0
70 65 -1 -1 -1 -1 Weepinbell $ $ 0 0 0 0 0 0
71 66 -1 -1 -1 -1 Victreebel $ $ 0 0 0 0 0 0
72 162 66 136 -1 -1 Tentacool $ $ 0 0 0 0 0 0
73 163 67 137 -1 -1 Tentacruel $ $ 0 0 0 0 0 0
74 34 57 31 -1 -1 Geodude $ $ 0 0 0 0 0 0
75 35 58 32 -1 -1 Graveler $ $ 0 0 0 0 0 0
76 36 59 33 -1 -1 Golem $ $ 0 0 0 0 0 0
77 201 -1 90 -1 -1 Ponyta $ $ 0 0 0 0 0 0
78 202 -1 91 -1 -1 Rapidash $ $ 0 0 0 0 0 0
79 80 -1 -1 -1 -1 Slowpoke $ $ 0 0 0 0 0 0
80 81 -1 -1 -1 -1 Slowbro $ $ 0 0 0 0 0 0
81 118 82 -1 -1 -1 Magnemite $ $ 0 0 0 0 0 0
82 119 83 -1 -1 -1 Magneton $ $ 0 0 0 0 0 0
83 158 -1 -1 -1 -1 Farfetch'd $ $ 0 0 0 0 0 0
84 199 92 -1 -1 -1 Doduo $ $ 0 0 0 0 0 0
85 200 93 -1 -1 -1 Dodrio $ $ 0 0 0 0 0 0
86 176 -1 -1 -1 -1 Seel $ $ 0 0 0 0 0 0
87 177 -1 -1 -1 -1 Dewgong $ $ 0 0 0 0 0 0
88 116 106 -1 -1 -1 Grimer $ $ 0 0 0 0 0 0
89 117 107 -1 -1 -1 Muk $ $ 0 0 0 0 0 0
90 169 -1 -1 -1 -1 Shellder $ $ 0 0 0 0 0 0
91 170 -1 -1 -1 -1 Cloyster $ $ 0 0 0 0 0 0
92 58 -1 69 -1 -1 Gastly $ $ 0 0 0 0 0 0
93 59 -1 70 -1 -1 Haunter $ $ 0 0 0 0 0 0
94 60 -1 71 -1 -1 Gengar $ $ 0 0 0 0 0 0
95 62 -1 34 -1 -1 Onix $ $ 0 0 0 0 0 0
96 87 -1 -1 -1 -1 Drowzee $ $ 0 0 0 0 0 0
97 88 -1 -1 -1 -1 Hypno $ $ 0 0 0 0 0 0
98 164 -1 -1 -1 -1 Krabby $ $ 0 0 0 0 0 0
99 165 -1 -1 -1 -1 Kingler $ $ 0 0 0 0 0 0
100 120 84 -1 -1 -1 Voltorb $ $ 0 0 0 0 0 0
101 121 85 -1 -1 -1 Electrode $ $ 0 0 0 0 0 0
102 104 -1 -1 -1 -1 Exeggcute $ $ 0 0 0 0 0 0
103 105 -1 -1 -1 -1 Exeggutor $ $ 0 0 0 0 0 0
104 203 -1 -1 -1 -1 Cubone $ $ 0 0 0 0 0 0
105 204 -1 -1 -1 -1 Marowak $ $ 0 0 0 0 0 0
106 144 -1 -1 -1 -1 Hitmonlee $ $ 0 0 0 0 0 0
107 145 -1 -1 -1 -1 Hitmonchan $ $ 0 0 0 0 0 0
108 178 -1 -1 -1 -1 Lickitung $ $ 0 0 0 0 0 0
109 114 108 -1 -1 -1 Koffing $ $ 0 0 0 0 0 0
110 115 109 -1 -1 -1 Weezing $ $ 0 0 0 0 0 0
111 206 169 -1 -1 -1 Rhyhorn $ $ 0 0 0 0 0 0
112 207 170 -1 -1 -1 Rhydon $ $ 0 0 0 0 0 0
113 217 -1 97 -1 -1 Chansey $ $ 0 0 0 0 0 0
114 179 -1 -1 -1 -1 Tangela $ $ 0 0 0 0 0 0
115 205 -1 -1 -1 -1 Kangaskhan $ $ 0 0 0 0 0 0
116 186 184 -1 -1 -1 Horsea $ $ 0 0 0 0 0 0
117 187 185 -1 -1 -1 Seadra $ $ 0 0 0 0 0 0
118 78 50 78 -1 -1 Goldeen $ $ 0 0 0 0 0 0
119 79 51 79 -1 -1 Seaking $ $ 0 0 0 0 0 0
120 167 143 -1 -1 -1 Staryu $ $ 0 0 0 0 0 0
121 168 144 -1 -1 -1 Starmie $ $ 0 0 0 0 0 0
122 156 -1 95 -1 -1 Mr.Mime $ $ 0 0 0 0 0 0
123 110 -1 -1 -1 -1 Scyther $ $ 0 0 0 0 0 0
124 153 -1 -1 -1 -1 Jynx $ $ 0 0 0 0 0 0
125 155 -1 -1 -1 -1 Electabuzz $ $ 0 0 0 0 0 0
126 151 -1 -1 -1 -1 Magmar $ $ 0 0 0 0 0 0
127 112 167 -1 -1 -1 Pinsir $ $ 0 0 0 0 0 0
128 148 -1 -1 -1 -1 Tauros $ $ 0 0 0 0 0 0
129 76 52 23 -1 -1 Magikarp $ $ 0 0 0 0 0 0
130 77 53 24 -1 -1 Gyarados $ $ 0 0 0 0 0 0
131 219 -1 -1 -1 -1 Lapras $ $ 0 0 0 0 0 0
132 92 -1 -1 -1 -1 Ditto $ $ 0 0 0 0 0 0
133 180 -1 -1 -1 -1 Eevee $ $ 0 0 0 0 0 0
134 181 -1 -1 -1 -1 Vaporeon $ $ 0 0 0 0 0 0
135 182 -1 -1 -1 -1 Jolteon $ $ 0 0 0 0 0 0
136 183 -1 -1 -1 -1 Flareon $ $ 0 0 0 0 0 0
137 215 -1 -1 -1 -1 Porygon $ $ 0 0 0 0 0 0
138 220 -1 -1 -1 -1 Omanyte $ $ 0 0 0 0 0 0
139 221 -1 -1 -1 -1 Omastar $ $ 0 0 0 0 0 0
140 222 -1 -1 -1 -1 Kabuto $ $ 0 0 0 0 0 0
141 223 -1 -1 -1 -1 Kabutops $ $ 0 0 0 0 0 0
142 224 -1 -1 -1 -1 Aerodactyl $ $ 0 0 0 0 0 0
143 225 -1 113 -1 -1 Snorlax $ $ 0 0 0 0 0 0
144 235 -1 -1 -1 -1 Articuno $ $ 0 0 0 0 0 0
145 236 -1 -1 -1 -1 Zapdos $ $ 0 0 0 0 0 0
146 237 -1 -1 -1 -1 Moltres $ $ 0 0 0 0 0 0
147 241 -1 -1 -1 -1 Dratini $ $ 0 0 0 0 0 0
148 242 -1 -1 -1 -1 Dragonair $ $ 0 0 0 0 0 0
149 243 -1 -1 -1 -1 Dragonite $ $ 0 0 0 0 0 0
150 249 -1 -1 -1 -1 Mewtwo $ $ 0 0 0 0 0 0
151 250 -1 -1 -1 -1 Mew $ $ 0 0 0 0 0 0
152 1 -1 -1 -1 -1 Chikorita $ $ 0 0 0 0 0 0
153 2 -1 -1 -1 -1 Bayleef $ $ 0 0 0 0 0 0
154 3 -1 -1 -1 -1 Meganium $ $ 0 0 0 0 0 0
155 4 -1 -1 -1 -1 Cyndaquil $ $ 0 0 0 0 0 0
156 5 -1 -1 -1 -1 Quilava $ $ 0 0 0 0 0 0
157 6 -1 -1 -1 -1 Typhlosion $ $ 0 0 0 0 0 0
158 7 -1 -1 -1 -1 Totodile $ $ 0 0 0 0 0 0
159 8 -1 -1 -1 -1 Croconaw $ $ 0 0 0 0 0 0
160 9 -1 -1 -1 -1 Feraligatr $ $ 0 0 0 0 0 0
161 19 -1 -1 -1 -1 Sentret $ $ 0 0 0 0 0 0
162 20 -1 -1 -1 -1 Furret $ $ 0 0 0 0 0 0
163 15 -1 106 -1 -1 Hoothoot $ $ 0 0 0 0 0 0
164 16 -1 107 -1 -1 Noctowl $ $ 0 0 0 0 0 0
165 30 -1 -1 -1 -1 Ledyba $ $ 0 0 0 0 0 0
166 31 -1 -1 -1 -1 Ledian $ $ 0 0 0 0 0 0
167 32 -1 -1 -1 -1 Spinarak $ $ 0 0 0 0 0 0
168 33 -1 -1 -1 -1 Ariados $ $ 0 0 0 0 0 0
169 39 65 30 -1 -1 Crobat $ $ 0 0 0 0 0 0
170 174 181 -1 -1 -1 Chinchou $ $ 0 0 0 0 0 0
171 175 182 -1 -1 -1 Lanturn $ $ 0 0 0 0 0 0
172 21 155 103 -1 -1 Pichu $ $ 0 0 0 0 0 0
173 40 -1 99 -1 -1 Cleffa $ $ 0 0 0 0 0 0
174 43 137 -1 -1 -1 Igglybuff $ $ 0 0 0 0 0 0
175 46 -1 -1 -1 -1 Togepi $ $ 0 0 0 0 0 0
176 47 -1 -1 -1 -1 Togetic $ $ 0 0 0 0 0 0
177 159 162 -1 -1 -1 Natu $ $ 0 0 0 0 0 0
178 160 163 -1 -1 -1 Xatu $ $ 0 0 0 0 0 0
179 53 -1 -1 -1 -1 Mareep $ $ 0 0 0 0 0 0
180 54 -1 -1 -1 -1 Flaaffy $ $ 0 0 0 0 0 0
181 55 -1 -1 -1 -1 Ampharos $ $ 0 0 0 0 0 0
182 86 91 -1 -1 -1 Bellossom $ $ 0 0 0 0 0 0
183 130 55 125 -1 -1 Marill $ $ 0 0 0 0 0 0
184 131 56 126 -1 -1 Azumarill $ $ 0 0 0 0 0 0
185 106 -1 93 -1 -1 Sudowoodo $ $ 0 0 0 0 0 0
186 75 -1 -1 -1 -1 Politoed $ $ 0 0 0 0 0 0
187 67 -1 -1 -1 -1 Hoppip $ $ 0 0 0 0 0 0
188 68 -1 -1 -1 -1 Skiploom $ $ 0 0 0 0 0 0
189 69 -1 -1 -1 -1 Jumpluff $ $ 0 0 0 0 0 0
190 122 -1 63 -1 -1 Aipom $ $ 0 0 0 0 0 0
191 102 -1 -1 -1 -1 Sunkern $ $ 0 0 0 0 0 0
192 103 -1 -1 -1 -1 Sunflora $ $ 0 0 0 0 0 0
193 101 -1 -1 -1 -1 Yanma $ $ 0 0 0 0 0 0
194 56 -1 117 -1 -1 Wooper $ $ 0 0 0 0 0 0
195 57 -1 118 -1 -1 Quagsire $ $ 0 0 0 0 0 0
196 184 -1 -1 -1 -1 Espeon $ $ 0 0 0 0 0 0
197 185 -1 -1 -1 -1 Umbreon $ $ 0 0 0 0 0 0
198 208 -1 74 -1 -1 Murkrow $ $ 0 0 0 0 0 0
199 82 -1 -1 -1 -1 Slowking $ $ 0 0 0 0 0 0
200 214 -1 72 -1 -1 Misdreavus $ $ 0 0 0 0 0 0
201 61 -1 114 -1 -1 Unown $ $ 0 0 0 0 0 0
202 107 161 -1 -1 -1 Wobbuffet $ $ 0 0 0 0 0 0
203 147 164 121 -1 -1 Girafarig $ $ 0 0 0 0 0 0
204 93 -1 -1 -1 -1 Pineco $ $ 0 0 0 0 0 0
205 94 -1 -1 -1 -1 Forretress $ $ 0 0 0 0 0 0
206 52 -1 -1 -1 -1 Dunsparce $ $ 0 0 0 0 0 0
207 189 -1 -1 -1 -1 Gligar $ $ 0 0 0 0 0 0
208 63 -1 35 -1 -1 Steelix $ $ 0 0 0 0 0 0
209 123 -1 -1 -1 -1 Snubbull $ $ 0 0 0 0 0 0
210 124 -1 -1 -1 -1 Granbull $ $ 0 0 0 0 0 0
211 161 -1 -1 -1 -1 Qwilfish $ $ 0 0 0 0 0 0
212 111 -1 -1 -1 -1 Scizor $ $ 0 0 0 0 0 0
213 166 -1 -1 -1 -1 Shuckle $ $ 0 0 0 0 0 0
214 113 168 62 -1 -1 Heracross $ $ 0 0 0 0 0 0
215 213 -1 144 -1 -1 Sneasel $ $ 0 0 0 0 0 0
216 193 -1 -1 -1 -1 Teddiursa $ $ 0 0 0 0 0 0
217 194 -1 -1 -1 -1 Ursaring $ $ 0 0 0 0 0 0
218 211 103 -1 -1 -1 Slugma $ $ 0 0 0 0 0 0
219 212 104 -1 -1 -1 Magcargo $ $ 0 0 0 0 0 0
220 191 -1 -1 -1 -1 Swinub $ $ 0 0 0 0 0 0
221 192 -1 -1 -1 -1 Piloswine $ $ 0 0 0 0 0 0
222 171 180 -1 -1 -1 Corsola $ $ 0 0 0 0 0 0
223 172 -1 132 -1 -1 Remoraid $ $ 0 0 0 0 0 0
224 173 -1 133 -1 -1 Octillery $ $ 0 0 0 0 0 0
225 190 -1 -1 -1 -1 Delibird $ $ 0 0 0 0 0 0
226 197 -1 141 -1 -1 Mantine $ $ 0 0 0 0 0 0
227 198 115 -1 -1 -1 Skarmory $ $ 0 0 0 0 0 0
228 209 -1 -1 -1 -1 Houndour $ $ 0 0 0 0 0 0
229 210 -1 -1 -1 -1 Houndoom $ $ 0 0 0 0 0 0
230 188 186 -1 -1 -1 Kingdra $ $ 0 0 0 0 0 0
231 195 165 -1 -1 -1 Phanpy $ $ 0 0 0 0 0 0
232 196 166 -1 -1 -1 Donphan $ $ 0 0 0 0 0 0
233 216 -1 -1 -1 -1 Porygon2 $ $ 0 0 0 0 0 0
234 129 -1 -1 -1 -1 Stantler $ $ 0 0 0 0 0 0
235 157 -1 -1 -1 -1 Smeargle $ $ 0 0 0 0 0 0
236 143 -1 -1 -1 -1 Tyrogue $ $ 0 0 0 0 0 0
237 146 -1 -1 -1 -1 Hitmontop $ $ 0 0 0 0 0 0
238 152 -1 -1 -1 -1 Smoochum $ $ 0 0 0 0 0 0
239 154 -1 -1 -1 -1 Elekid $ $ 0 0 0 0 0 0
240 150 -1 -1 -1 -1 Magby $ $ 0 0 0 0 0 0
241 149 -1 -1 -1 -1 Miltank $ $ 0 0 0 0 0 0
242 218 -1 98 -1 -1 Blissey $ $ 0 0 0 0 0 0
243 238 -1 -1 -1 -1 Raikou $ $ 0 0 0 0 0 0
244 239 -1 -1 -1 -1 Entei $ $ 0 0 0 0 0 0
245 240 -1 -1 -1 -1 Suicune $ $ 0 0 0 0 0 0
246 244 -1 -1 -1 -1 Larvitar $ $ 0 0 0 0 0 0
247 245 -1 -1 -1 -1 Pupitar $ $ 0 0 0 0 0 0
248 246 -1 -1 -1 -1 Tyranitar $ $ 0 0 0 0 0 0
249 247 -1 -1 -1 -1 Lugia $ $ 0 0 0 0 0 0
250 248 -1 -1 -1 -1 Ho-oh $ $ 0 0 0 0 0 0
251 251 -1 -1 -1 -1 Celebi $ $ 0 0 0 0 0 0
252 -1 1 -1 -1 -1 Treecko $ $ 0 0 0 0 0 0
253 -1 2 -1 -1 -1 Grovyle $ $ 0 0 0 0 0 0
254 -1 3 -1 -1 -1 Sceptile $ $ 0 0 0 0 0 0
255 -1 4 -1 -1 -1 Torchic $ $ 0 0 0 0 0 0
256 -1 5 -1 -1 -1 Combusken $ $ 0 0 0 0 0 0
257 -1 6 -1 -1 -1 Blaziken $ $ 0 0 0 0 0 0
258 -1 7 -1 -1 -1 Mudkip $ $ 0 0 0 0 0 0
259 -1 8 -1 -1 -1 Marshtomp $ $ 0 0 0 0 0 0
260 -1 9 -1 -1 -1 Swampert $ $ 0 0 0 0 0 0
261 -1 10 -1 -1 -1 Poochyena $ $ 0 0 0 0 0 0
262 -1 11 -1 -1 -1 Mightyena $ $ 0 0 0 0 0 0
263 -1 12 -1 -1 -1 Zigzagoon $ $ 0 0 0 0 0 0
264 -1 13 -1 -1 -1 Linoone $ $ 0 0 0 0 0 0
265 -1 14 48 -1 -1 Wurmple $ $ 0 0 0 0 0 0
266 -1 15 49 -1 -1 Silcoon $ $ 0 0 0 0 0 0
267 -1 16 50 -1 -1 Beautifly $ $ 0 0 0 0 0 0
268 -1 17 51 -1 -1 Cascoon $ $ 0 0 0 0 0 0
269 -1 18 52 -1 -1 Dustox $ $ 0 0 0 0 0 0
270 -1 19 -1 -1 -1 Lotad $ $ 0 0 0 0 0 0
271 -1 20 -1 -1 -1 Lombre $ $ 0 0 0 0 0 0
272 -1 21 -1 -1 -1 Ludicolo $ $ 0 0 0 0 0 0
273 -1 22 -1 -1 -1 Seedot $ $ 0 0 0 0 0 0
274 -1 23 -1 -1 -1 Nuzleaf $ $ 0 0 0 0 0 0
275 -1 24 -1 -1 -1 Shiftry $ $ 0 0 0 0 0 0
276 -1 25 -1 -1 -1 Taillow $ $ 0 0 0 0 0 0
277 -1 26 -1 -1 -1 Swellow $ $ 0 0 0 0 0 0
278 -1 27 119 -1 -1 Wingull $ $ 0 0 0 0 0 0
279 -1 28 120 -1 -1 Pelipper $ $ 0 0 0 0 0 0
280 -1 29 -1 -1 -1 Ralts $ $ 0 0 0 0 0 0
281 -1 30 -1 -1 -1 Kirlia $ $ 0 0 0 0 0 0
282 -1 31 -1 -1 -1 Gardevoir $ $ 0 0 0 0 0 0
283 -1 32 -1 -1 -1 Surskit $ $ 0 0 0 0 0 0
284 -1 33 -1 -1 -1 Masquerain $ $ 0 0 0 0 0 0
285 -1 34 -1 -1 -1 Shroomish $ $ 0 0 0 0 0 0
286 -1 35 -1 -1 -1 Breloom $ $ 0 0 0 0 0 0
287 -1 36 -1 -1 -1 Slakoth $ $ 0 0 0 0 0 0
288 -1 37 -1 -1 -1 Vigoroth $ $ 0 0 0 0 0 0
289 -1 38 -1 -1 -1 Slaking $ $ 0 0 0 0 0 0
290 -1 42 -1 -1 -1 Nincada $ $ 0 0 0 0 0 0
291 -1 43 -1 -1 -1 Ninjask $ $ 0 0 0 0 0 0
292 -1 44 -1 -1 -1 Shedinja $ $ 0 0 0 0 0 0
293 -1 45 -1 -1 -1 Whismur $ $ 0 0 0 0 0 0
294 -1 46 -1 -1 -1 Loudred $ $ 0 0 0 0 0 0
295 -1 47 -1 -1 -1 Exploud $ $ 0 0 0 0 0 0
296 -1 48 -1 -1 -1 Makuhita $ $ 0 0 0 0 0 0
297 -1 49 -1 -1 -1 Hariyama $ $ 0 0 0 0 0 0
298 -1 54 124 -1 -1 Azurill $ $ 0 0 0 0 0 0
299 -1 60 -1 -1 -1 Nosepass $ $ 0 0 0 0 0 0
300 -1 61 -1 -1 -1 Skitty $ $ 0 0 0 0 0 0
301 -1 62 -1 -1 -1 Delcatty $ $ 0 0 0 0 0 0
302 -1 68 -1 -1 -1 Sableye $ $ 0 0 0 0 0 0
303 -1 69 -1 -1 -1 Mawile $ $ 0 0 0 0 0 0
304 -1 70 -1 -1 -1 Aron $ $ 0 0 0 0 0 0
305 -1 71 -1 -1 -1 Lairon $ $ 0 0 0 0 0 0
306 -1 72 -1 -1 -1 Aggron $ $ 0 0 0 0 0 0
307 -1 76 86 -1 -1 Meditite $ $ 0 0 0 0 0 0
308 -1 77 87 -1 -1 Medicham $ $ 0 0 0 0 0 0
309 -1 78 -1 -1 -1 Electrike $ $ 0 0 0 0 0 0
310 -1 79 -1 -1 -1 Manectric $ $ 0 0 0 0 0 0
311 -1 80 -1 -1 -1 Plusle $ $ 0 0 0 0 0 0
312 -1 81 -1 -1 -1 Minun $ $ 0 0 0 0 0 0
313 -1 86 -1 -1 -1 Volbeat $ $ 0 0 0 0 0 0
314 -1 87 -1 -1 -1 Illumise $ $ 0 0 0 0 0 0
315 -1 94 26 -1 -1 Roselia $ $ 0 0 0 0 0 0
316 -1 95 -1 -1 -1 Gulpin $ $ 0 0 0 0 0 0
317 -1 96 -1 -1 -1 Swalot $ $ 0 0 0 0 0 0
318 -1 97 -1 -1 -1 Carvanha $ $ 0 0 0 0 0 0
319 -1 98 -1 -1 -1 Sharpedo $ $ 0 0 0 0 0 0
320 -1 99 -1 -1 -1 Wailmer $ $ 0 0 0 0 0 0
321 -1 100 -1 -1 -1 Wailord $ $ 0 0 0 0 0 0
322 -1 101 -1 -1 -1 Numel $ $ 0 0 0 0 0 0
323 -1 102 -1 -1 -1 Camerupt $ $ 0 0 0 0 0 0
324 -1 105 -1 -1 -1 Torkoal $ $ 0 0 0 0 0 0
325 -1 110 -1 -1 -1 Spoink $ $ 0 0 0 0 0 0
326 -1 111 -1 -1 -1 Grumpig $ $ 0 0 0 0 0 0
327 -1 114 -1 -1 -1 Spinda $ $ 0 0 0 0 0 0
328 -1 116 -1 -1 -1 Trapinch $ $ 0 0 0 0 0 0
329 -1 117 -1 -1 -1 Vibrava $ $ 0 0 0 0 0 0
330 -1 118 -1 -1 -1 Flygon $ $ 0 0 0 0 0 0
331 -1 119 -1 -1 -1 Cacnea $ $ 0 0 0 0 0 0
332 -1 120 -1 -1 -1 Cacturne $ $ 0 0 0 0 0 0
333 -1 121 -1 -1 -1 Swablu $ $ 0 0 0 0 0 0
334 -1 122 -1 -1 -1 Altaria $ $ 0 0 0 0 0 0
335 -1 123 -1 -1 -1 Zangoose $ $ 0 0 0 0 0 0
336 -1 124 -1 -1 -1 Seviper $ $ 0 0 0 0 0 0
337 -1 125 -1 -1 -1 Lunatone $ $ 0 0 0 0 0 0
338 -1 126 -1 -1 -1 Solrock $ $ 0 0 0 0 0 0
339 -1 127 80 -1 -1 Barboach $ $ 0 0 0 0 0 0
340 -1 128 81 -1 -1 Whiscash $ $ 0 0 0 0 0 0
341 -1 129 -1 -1 -1 Corphish $ $ 0 0 0 0 0 0
342 -1 130 -1 -1 -1 Crawdaunt $ $ 0 0 0 0 0 0
343 -1 131 -1 -1 -1 Baltoy $ $ 0 0 0 0 0 0
344 -1 132 -1 -1 -1 Claydol $ $ 0 0 0 0 0 0
345 -1 133 -1 -1 -1 Lileep $ $ 0 0 0 0 0 0
346 -1 134 -1 -1 -1 Cradily $ $ 0 0 0 0 0 0
347 -1 135 -1 -1 -1 Anorith $ $ 0 0 0 0 0 0
348 -1 136 -1 -1 -1 Armaldo $ $ 0 0 0 0 0 0
349 -1 140 138 -1 -1 Feebas $ $ 0 0 0 0 0 0
350 -1 141 139 -1 -1 Milotic $ $ 0 0 0 0 0 0
351 -1 142 -1 -1 -1 Castform $ $ 0 0 0 0 0 0
352 -1 145 -1 -1 -1 Kecleon $ $ 0 0 0 0 0 0
353 -1 146 -1 -1 -1 Shuppet $ $ 0 0 0 0 0 0
354 -1 147 -1 -1 -1 Banette $ $ 0 0 0 0 0 0
355 -1 148 -1 -1 -1 Duskull $ $ 0 0 0 0 0 0
356 -1 149 -1 -1 -1 Dusclops $ $ 0 0 0 0 0 0
357 -1 150 -1 -1 -1 Tropius $ $ 0 0 0 0 0 0
358 -1 151 83 -1 -1 Chimecho $ $ 0 0 0 0 0 0
359 -1 152 -1 -1 -1 Absol $ $ 0 0 0 0 0 0
360 -1 160 -1 -1 -1 Wynaut $ $ 0 0 0 0 0 0
361 -1 171 -1 -1 -1 Snorunt $ $ 0 0 0 0 0 0
362 -1 172 -1 -1 -1 Glalie $ $ 0 0 0 0 0 0
363 -1 173 -1 -1 -1 Spheal $ $ 0 0 0 0 0 0
364 -1 174 -1 -1 -1 Sealeo $ $ 0 0 0 0 0 0
365 -1 175 -1 -1 -1 Walrein $ $ 0 0 0 0 0 0
366 -1 176 -1 -1 -1 Clamperl $ $ 0 0 0 0 0 0
367 -1 177 -1 -1 -1 Huntail $ $ 0 0 0 0 0 0
368 -1 178 -1 -1 -1 Gorebyss $ $ 0 0 0 0 0 0
369 -1 179 -1 -1 -1 Relicanth $ $ 0 0 0 0 0 0
370 -1 183 -1 -1 -1 Luvdisc $ $ 0 0 0 0 0 0
371 -1 187 -1 -1 -1 Bagon $ $ 0 0 0 0 0 0
372 -1 188 -1 -1 -1 Shelgon $ $ 0 0 0 0 0 0
373 -1 189 -1 -1 -1 Salamence $ $ 0 0 0 0 0 0
374 -1 190 -1 -1 -1 Beldum $ $ 0 0 0 0 0 0
375 -1 191 -1 -1 -1 Metang $ $ 0 0 0 0 0 0
376 -1 192 -1 -1 -1 Metagross $ $ 0 0 0 0 0 0
377 -1 193 -1 -1 -1 Regirock $ $ 0 0 0 0 0 0
378 -1 194 -1 -1 -1 Regice $ $ 0 0 0 0 0 0
379 -1 195 -1 -1 -1 Registeel $ $ 0 0 0 0 0 0
380 -1 196 -1 -1 -1 Latias $ $ 0 0 0 0 0 0
381 -1 197 -1 -1 -1 Latios $ $ 0 0 0 0 0 0
382 -1 198 -1 -1 -1 Kyogre $ $ 0 0 0 0 0 0
383 -1 199 -1 -1 -1 Groudon $ $ 0 0 0 0 0 0
384 -1 200 -1 -1 -1 Rayquaza $ $ 0 0 0 0 0 0
385 -1 201 -1 -1 -1 Jirachi $ $ 0 0 0 0 0 0
386 -1 202 -1 -1 -1 Deoxys $ $ 0 0 0 0 0 0
387 -1 -1 1 -1 -1 Turtwig $ $ 0 0 0 0 0 0
388 -1 -1 2 -1 -1 Grotle $ $ 0 0 0 0 0 0
389 -1 -1 3 -1 -1 Torterra $ $ 0 0 0 0 0 0
390 -1 -1 4 -1 -1 Chimchar $ $ 0 0 0 0 0 0
391 -1 -1 5 -1 -1 Monferno $ $ 0 0 0 0 0 0
392 -1 -1 6 -1 -1 Infernape $ $ 0 0 0 0 0 0
393 -1 -1 7 -1 -1 Piplup $ $ 0 0 0 0 0 0
394 -1 -1 8 -1 -1 Prinplup $ $ 0 0 0 0 0 0
395 -1 -1 9 -1 -1 Empoleon $ $ 0 0 0 0 0 0
396 -1 -1 10 -1 -1 Starly $ $ 0 0 0 0 0 0
397 -1 -1 11 -1 -1 Staravia $ $ 0 0 0 0 0 0
398 -1 -1 12 -1 -1 Staraptor $ $ 0 0 0 0 0 0
399 -1 -1 13 -1 -1 Bidoof $ $ 0 0 0 0 0 0
400 -1 -1 14 -1 -1 Bibarel $ $ 0 0 0 0 0 0
401 -1 -1 15 -1 -1 Kricketot $ $ 0 0 0 0 0 0
402 -1 -1 16 -1 -1 Kricketune $ $ 0 0 0 0 0 0
403 -1 -1 17 -1 -1 Shinx $ $ 0 0 0 0 0 0
404 -1 -1 18 -1 -1 Luxio $ $ 0 0 0 0 0 0
405 -1 -1 19 -1 -1 Luxray $ $ 0 0 0 0 0 0
406 -1 -1 25 -1 -1 Budew $ $ 0 0 0 0 0 0
407 -1 -1 27 -1 -1 Roserade $ $ 0 0 0 0 0 0
408 -1 -1 36 -1 -1 Cranidos $ $ 0 0 0 0 0 0
409 -1 -1 37 -1 -1 Rampardos $ $ 0 0 0 0 0 0
410 -1 -1 38 -1 -1 Shieldon $ $ 0 0 0 0 0 0
411 -1 -1 39 -1 -1 Bastiodon $ $ 0 0 0 0 0 0
412 -1 -1 45 -1 -1 Burmy $ $ 0 0 0 0 0 0
413 -1 -1 46 -1 -1 Wormadam $ $ 0 0 0 0 0 0
414 -1 -1 47 -1 -1 Mothim $ $ 0 0 0 0 0 0
415 -1 -1 53 -1 -1 Combee $ $ 0 0 0 0 0 0
416 -1 -1 54 -1 -1 Vespiquen $ $ 0 0 0 0 0 0
417 -1 -1 55 -1 -1 Pachirisu $ $ 0 0 0 0 0 0
418 -1 -1 56 -1 -1 Buizel $ $ 0 0 0 0 0 0
419 -1 -1 57 -1 -1 Floatzel $ $ 0 0 0 0 0 0
420 -1 -1 58 -1 -1 Cherubi $ $ 0 0 0 0 0 0
421 -1 -1 59 -1 -1 Cherrim $ $ 0 0 0 0 0 0
422 -1 -1 60 -1 -1 Shellos $ $ 0 0 0 0 0 0
423 -1 -1 61 -1 -1 Gastrodon $ $ 0 0 0 0 0 0
424 -1 -1 64 -1 -1 Ambipom $ $ 0 0 0 0 0 0
425 -1 -1 65 -1 -1 Drifloon $ $ 0 0 0 0 0 0
426 -1 -1 66 -1 -1 Drifblim $ $ 0 0 0 0 0 0
427 -1 -1 67 -1 -1 Buneary $ $ 0 0 0 0 0 0
428 -1 -1 68 -1 -1 Lopunny $ $ 0 0 0 0 0 0
429 -1 -1 73 -1 -1 Mismagius $ $ 0 0 0 0 0 0
430 -1 -1 75 -1 -1 Honchkrow $ $ 0 0 0 0 0 0
431 -1 -1 76 -1 -1 Glameow $ $ 0 0 0 0 0 0
432 -1 -1 77 -1 -1 Purugly $ $ 0 0 0 0 0 0
433 -1 -1 82 -1 -1 Chingling $ $ 0 0 0 0 0 0
434 -1 -1 84 -1 -1 Stunky $ $ 0 0 0 0 0 0
435 -1 -1 85 -1 -1 Skuntank $ $ 0 0 0 0 0 0
436 -1 -1 88 -1 -1 Bronzor $ $ 0 0 0 0 0 0
437 -1 -1 89 -1 -1 Bronzong $ $ 0 0 0 0 0 0
438 -1 -1 92 -1 -1 Bonsly $ $ 0 0 0 0 0 0
439 -1 -1 94 -1 -1 MimeJr. $ $ 0 0 0 0 0 0
440 -1 -1 96 -1 -1 Happiny $ $ 0 0 0 0 0 0
441 -1 -1 102 -1 -1 Chatot $ $ 0 0 0 0 0 0
442 -1 -1 108 -1 -1 Spiritomb $ $ 0 0 0 0 0 0
443 -1 -1 109 -1 -1 Gible $ $ 0 0 0 0 0 0
444 -1 -1 110 -1 -1 Gabite $ $ 0 0 0 0 0 0
445 -1 -1 111 -1 -1 Garchomp $ $ 0 0 0 0 0 0
446 -1 -1 112 -1 -1 Munchlax $ $ 0 0 0 0 0 0
447 -1 -1 115 -1 -1 Riolu $ $ 0 0 0 0 0 0
448 -1 -1 116 -1 -1 Lucario $ $ 0 0 0 0 0 0
449 -1 -1 122 -1 -1 Hippopotas $ $ 0 0 0 0 0 0
450 -1 -1 123 -1 -1 Hippowdon $ $ 0 0 0 0 0 0
451 -1 -1 127 -1 -1 Skorupi $ $ 0 0 0 0 0 0
452 -1 -1 128 -1 -1 Drapion $ $ 0 0 0 0 0 0
453 -1 -1 129 -1 -1 Croagunk $ $ 0 0 0 0 0 0
454 -1 -1 130 -1 -1 Toxicroak $ $ 0 0 0 0 0 0
455 -1 -1 131 -1 -1 Carnivine $ $ 0 0 0 0 0 0
456 -1 -1 134 -1 -1 Finneon $ $ 0 0 0 0 0 0
457 -1 -1 135 -1 -1 Lumineon $ $ 0 0 0 0 0 0
458 -1 -1 140 -1 -1 Mantyke $ $ 0 0 0 0 0 0
459 -1 -1 142 -1 -1 Snover $ $ 0 0 0 0 0 0
460 -1 -1 143 -1 -1 Abomasnow $ $ 0 0 0 0 0 0
461 -1 -1 145 -1 -1 Weavile $ $ 0 0 0 0 0 0
462 -1 -1 -1 -1 -1 Magnezone $ $ 0 0 0 0 0 0
463 -1 -1 -1 -1 -1 Lickilicky $ $ 0 0 0 0 0 0
464 -1 -1 -1 -1 -1 Rhyperior $ $ 0 0 0 0 0 0
465 -1 -1 -1 -1 -1 Tangrowth $ $ 0 0 0 0 0 0
466 -1 -1 -1 -1 -1 Electivire $ $ 0 0 0 0 0 0
467 -1 -1 -1 -1 -1 Magmortar $ $ 0 0 0 0 0 0
468 -1 -1 -1 -1 -1 Togekiss $ $ 0 0 0 0 0 0
469 -1 -1 -1 -1 -1 Yanmega $ $ 0 0 0 0 0 0
470 -1 -1 -1 -1 -1 Leafeon $ $ 0 0 0 0 0 0
471 -1 -1 -1 -1 -1 Glaceon $ $ 0 0 0 0 0 0
472 -1 -1 -1 -1 -1 Gliscor $ $ 0 0 0 0 0 0
473 -1 -1 -1 -1 -1 Mamoswine $ $ 0 0 0 0 0 0
474 -1 -1 -1 -1 -1 Porygon-Z $ $ 0 0 0 0 0 0
475 -1 -1 -1 -1 -1 Gallade $ $ 0 0 0 0 0 0
476 -1 -1 -1 -1 -1 Probopass $ $ 0 0 0 0 0 0
477 -1 -1 -1 -1 -1 Dusknoir $ $ 0 0 0 0 0 0
478 -1 -1 -1 -1 -1 Froslass $ $ 0 0 0 0 0 0
479 -1 -1 -1 -1 -1 Rotom $ $ 0 0 0 0 0 0
480 -1 -1 146 -1 -1 Uxie $ $ 0 0 0 0 0 0
481 -1 -1 147 -1 -1 Mesprit $ $ 0 0 0 0 0 0
482 -1 -1 148 -1 -1 Azelf $ $ 0 0 0 0 0 0
483 -1 -1 149 -1 -1 Dialga $ $ 0 0 0 0 0 0
484 -1 -1 150 -1 -1 Palkia $ $ 0 0 0 0 0 0
485 -1 -1 -1 -1 -1 Heatran $ $ 0 0 0 0 0 0
486 -1 -1 -1 -1 -1 Regigigas $ $ 0 0 0 0 0 0
487 -1 -1 -1 -1 -1 Giratina $ $ 0 0 0 0 0 0
488 -1 -1 -1 -1 -1 Cresselia $ $ 0 0 0 0 0 0
489 -1 -1 -1 -1 -1 Phione $ $ 0 0 0 0 0 0
490 -1 -1 151 -1 -1 Manaphy $ $ 0 0 0 0 0 0
491 -1 -1 -1 -1 -1 Darkrai $ $ 0 0 0 0 0 0
492 -1 -1 -1 -1 -1 Shaymin $ $ 0 0 0 0 0 0
493 -1 -1 -1 -1 -1 Arceus $ $ 0 0 0 0 0 0
494 -1 -1 -1 0 -1 Victini $ $ 0 0 0 0 0 0
495 -1 -1 -1 1 -1 Snivy $ $ 0 0 0 0 0 0
496 -1 -1 -1 2 -1 Servine $ $ 0 0 0 0 0 0
497 -1 -1 -1 3 -1 Serperior $ $ 0 0 0 0 0 0
498 -1 -1 -1 4 -1 Tepig $ $ 0 0 0 0 0 0
499 -1 -1 -1 5 -1 Pignite $ $ 0 0 0 0 0 0
500 -1 -1 -1 6 -1 Emboar $ $ 0 0 0 0 0 0
501 -1 -1 -1 7 -1 Oshawott $ $ 0 0 0 0 0 0
502 -1 -1 -1 8 -1 Dewott $ $ 0 0 0 0 0 0
503 -1 -1 -1 9 -1 Samurott $ $ 0 0 0 0 0 0
504 -1 -1 -1 10 -1 Patrat $ $ 0 0 0 0 0 0
505 -1 -1 -1 11 -1 Watchog $ $ 0 0 0 0 0 0
506 -1 -1 -1 12 -1 Lillipup $ $ 0 0 0 0 0 0
507 -1 -1 -1 13 -1 Herdier $ $ 0 0 0 0 0 0
508 -1 -1 -1 14 -1 Stoutland $ $ 0 0 0 0 0 0
509 -1 -1 -1 15 -1 Purrloin $ $ 0 0 0 0 0 0
510 -1 -1 -1 16 -1 Liepard $ $ 0 0 0 0 0 0
511 -1 -1 -1 17 -1 Pansage $ $ 0 0 0 0 0 0
512 -1 -1 -1 18 -1 Simisage $ $ 0 0 0 0 0 0
513 -1 -1 -1 19 -1 Pansear $ $ 0 0 0 0 0 0
514 -1 -1 -1 20 -1 Simisear $ $ 0 0 0 0 0 0
515 -1 -1 -1 21 -1 Panpour $ $ 0 0 0 0 0 0
516 -1 -1 -1 22 -1 Simipour $ $ 0 0 0 0 0 0
517 -1 -1 -1 23 -1 Munna $ $ 0 0 0 0 0 0
518 -1 -1 -1 24 -1 Musharna $ $ 0 0 0 0 0 0
519 -1 -1 -1 25 -1 Pidove $ $ 0 0 0 0 0 0
520 -1 -1 -1 26 -1 Tranquill $ $ 0 0 0 0 0 0
521 -1 -1 -1 27 -1 Unfezant $ $ 0 0 0 0 0 0
522 -1 -1 -1 28 -1 Blitzle $ $ 0 0 0 0 0 0
523 -1 -1 -1 29 -1 Zebstrika $ $ 0 0 0 0 0 0
524 -1 -1 -1 30 -1 Roggenrola $ $ 0 0 0 0 0 0
525 -1 -1 -1 31 -1 Boldore $ $ 0 0 0 0 0 0
526 -1 -1 -1 32 -1 Gigalith $ $ 0 0 0 0 0 0
527 -1 -1 -1 33 -1 Woobat $ $ 0 0 0 0 0 0
528 -1 -1 -1 34 -1 Swoobat $ $ 0 0 0 0 0 0
529 -1 -1 -1 35 -1 Drilbur $ $ 0 0 0 0 0 0
530 -1 -1 -1 36 -1 Excadrill $ $ 0 0 0 0 0 0
531 -1 -1 -1 37 -1 Audino $ $ 0 0 0 0 0 0
532 -1 -1 -1 38 -1 Timburr $ $ 0 0 0 0 0 0
533 -1 -1 -1 39 -1 Gurdurr $ $ 0 0 0 0 0 0
534 -1 -1 -1 40 -1 Conkeldurr $ $ 0 0 0 0 0 0
535 -1 -1 -1 41 -1 Tympole $ $ 0 0 0 0 0 0
536 -1 -1 -1 42 -1 Palpitoad $ $ 0 0 0 0 0 0
537 -1 -1 -1 43 -1 Seismitoad $ $ 0 0 0 0 0 0
538 -1 -1 -1 44 -1 Throh $ $ 0 0 0 0 0 0
539 -1 -1 -1 45 -1 Sawk $ $ 0 0 0 0 0 0
540 -1 -1 -1 46 -1 Sewaddle $ $ 0 0 0 0 0 0
541 -1 -1 -1 47 -1 Swadloon $ $ 0 0 0 0 0 0
542 -1 -1 -1 48 -1 Leavanny $ $ 0 0 0 0 0 0
543 -1 -1 -1 49 -1 Venipede $ $ 0 0 0 0 0 0
544 -1 -1 -1 50 -1 Whirlipede $ $ 0 0 0 0 0 0
545 -1 -1 -1 51 -1 Scolipede $ $ 0 0 0 0 0 0
546 -1 -1 -1 52 -1 Cottonee $ $ 0 0 0 0 0 0
547 -1 -1 -1 53 -1 Whimsicott $ $ 0 0 0 0 0 0
548 -1 -1 -1 54 -1 Petilil $ $ 0 0 0 0 0 0
549 -1 -1 -1 55 -1 Lilligant $ $ 0 0 0 0 0 0
550 -1 -1 -1 56 -1 Basculin $ $ 0 0 0 0 0 0
551 -1 -1 -1 57 -1 Sandile $ $ 0 0 0 0 0 0
552 -1 -1 -1 58 -1 Krokorok $ $ 0 0 0 0 0 0
553 -1 -1 -1 59 -1 Krookodile $ $ 0 0 0 0 0 0
554 -1 -1 -1 60 -1 Darumaka $ $ 0 0 0 0 0 0
555 -1 -1 -1 61 -1 Darmanitan $ $ 0 0 0 0 0 0
556 -1 -1 -1 62 -1 Maractus $ $ 0 0 0 0 0 0
557 -1 -1 -1 63 -1 Dwebble $ $ 0 0 0 0 0 0
558 -1 -1 -1 64 -1 Crustle $ $ 0 0 0 0 0 0
559 -1 -1 -1 65 -1 Scraggy $ $ 0 0 0 0 0 0
560 -1 -1 -1 66 -1 Scrafty $ $ 0 0 0 0 0 0
561 -1 -1 -1 67 -1 Sigilyph $ $ 0 0 0 0 0 0
562 -1 -1 -1 68 -1 Yamask $ $ 0 0 0 0 0 0
563 -1 -1 -1 69 -1 Cofagrigus $ $ 0 0 0 0 0 0
564 -1 -1 -1 70 -1 Tirtouga $ $ 0 0 0 0 0 0
565 -1 -1 -1 71 -1 Carracosta $ $ 0 0 0 0 0 0
566 -1 -1 -1 72 -1 Archen $ $ 0 0 0 0 0 0
567 -1 -1 -1 73 -1 Archeops $ $ 0 0 0 0 0 0
568 -1 -1 -1 74 -1 Trubbish $ $ 0 0 0 0 0 0
569 -1 -1 -1 75 -1 Garbodor $ $ 0 0 0 0 0 0
570 -1 -1 -1 76 -1 Zorua $ $ 0 0 0 0 0 0
571 -1 -1 -1 77 -1 Zoroark $ $ 0 0 0 0 0 0
572 -1 -1 -1 78 -1 Minccino $ $ 0 0 0 0 0 0
573 -1 -1 -1 79 -1 Cinccino $ $ 0 0 0 0 0 0
574 -1 -1 -1 80 -1 Gothita $ $ 0 0 0 0 0 0
575 -1 -1 -1 81 -1 Gothorita $ $ 0 0 0 0 0 0
576 -1 -1 -1 82 -1 Gothitelle $ $ 0 0 0 0 0 0
577 -1 -1 -1 83 -1 Solosis $ $ 0 0 0 0 0 0
578 -1 -1 -1 84 -1 Duosion $ $ 0 0 0 0 0 0
579 -1 -1 -1 85 -1 Reuniclus $ $ 0 0 0 0 0 0
580 -1 -1 -1 86 -1 Ducklett $ $ 0 0 0 0 0 0
581 -1 -1 -1 87 -1 Swanna $ $ 0 0 0 0 0 0
582 -1 -1 -1 88 -1 Vanillite $ $ 0 0 0 0 0 0
583 -1 -1 -1 89 -1 Vanillish $ $ 0 0 0 0 0 0
584 -1 -1 -1 90 -1 Vanilluxe $ $ 0 0 0 0 0 0
585 -1 -1 -1 91 -1 Deerling $ $ 0 0 0 0 0 0
586 -1 -1 -1 92 -1 Sawsbuck $ $ 0 0 0 0 0 0
587 -1 -1 -1 93 -1 Emolga $ $ 0 0 0 0 0 0
588 -1 -1 -1 94 -1 Karrablast $ $ 0 0 0 0 0 0
589 -1 -1 -1 95 -1 Escavalier $ $ 0 0 0 0 0 0
590 -1 -1 -1 96 -1 Foongus $ $ 0 0 0 0 0 0
591 -1 -1 -1 97 -1 Amoonguss $ $ 0 0 0 0 0 0
592 -1 -1 -1 98 -1 Frillish $ $ 0 0 0 0 0 0
593 -1 -1 -1 99 -1 Jellicent $ $ 0 0 0 0 0 0
594 -1 -1 -1 100 -1 Alomomola $ $ 0 0 0 0 0 0
595 -1 -1 -1 101 -1 Joltik $ $ 0 0 0 0 0 0
596 -1 -1 -1 102 -1 Galvantula $ $ 0 0 0 0 0 0
597 -1 -1 -1 103 -1 Ferroseed $ $ 0 0 0 0 0 0
598 -1 -1 -1 104 -1 Ferrothorn $ $ 0 0 0 0 0 0
599 -1 -1 -1 105 -1 Klink $ $ 0 0 0 0 0 0
600 -1 -1 -1 106 -1 Klang $ $ 0 0 0 0 0 0
601 -1 -1 -1 107 -1 Klinklang $ $ 0 0 0 0 0 0
602 -1 -1 -1 108 -1 Tynamo $ $ 0 0 0 0 0 0
603 -1 -1 -1 109 -1 Eelektrik $ $ 0 0 0 0 0 0
604 -1 -1 -1 110 -1 Eelektross $ $ 0 0 0 0 0 0
605 -1 -1 -1 111 -1 Elgyem $ $ 0 0 0 0 0 0
606 -1 -1 -1 112 -1 Beheeyem $ $ 0 0 0 0 0 0
607 -1 -1 -1 113 -1 Litwick $ $ 0 0 0 0 0 0
608 -1 -1 -1 114 -1 Lampent $ $ 0 0 0 0 0 0
609 -1 -1 -1 115 -1 Chandelure $ $ 0 0 0 0 0 0
610 -1 -1 -1 116 -1 Axew $ $ 0 0 0 0 0 0
611 -1 -1 -1 117 -1 Fraxure $ $ 0 0 0 0 0 0
612 -1 -1 -1 118 -1 Haxorus $ $ 0 0 0 0 0 0
613 -1 -1 -1 119 -1 Cubchoo $ $ 0 0 0 0 0 0
614 -1 -1 -1 120 -1 Beartic $ $ 0 0 0 0 0 0
615 -1 -1 -1 121 -1 Cryogonal $ $ 0 0 0 0 0 0
616 -1 -1 -1 122 -1 Shelmet $ $ 0 0 0 0 0 0
617 -1 -1 -1 123 -1 Accelgor $ $ 0 0 0 0 0 0
618 -1 -1 -1 124 -1 Stunfisk $ $ 0 0 0 0 0 0
619 -1 -1 -1 125 -1 Mienfoo $ $ 0 0 0 0 0 0
620 -1 -1 -1 126 -1 Mienshao $ $ 0 0 0 0 0 0
621 -1 -1 -1 127 -1 Druddigon $ $ 0 0 0 0 0 0
622 -1 -1 -1 128 -1 Golett $ $ 0 0 0 0 0 0
623 -1 -1 -1 129 -1 Golurk $ $ 0 0 0 0 0 0
624 -1 -1 -1 130 -1 Pawniard $ $ 0 0 0 0 0 0
625 -1 -1 -1 131 -1 Bisharp $ $ 0 0 0 0 0 0
626 -1 -1 -1 132 -1 Bouffalant $ $ 0 0 0 0 0 0
627 -1 -1 -1 133 -1 Rufflet $ $ 0 0 0 0 0 0
628 -1 -1 -1 134 -1 Braviary $ $ 0 0 0 0 0 0
629 -1 -1 -1 135 -1 Vullaby $ $ 0 0 0 0 0 0
630 -1 -1 -1 136 -1 Mandibuzz $ $ 0 0 0 0 0 0
631 -1 -1 -1 137 -1 Heatmor $ $ 0 0 0 0 0 0
632 -1 -1 -1 138 -1 Durant $ $ 0 0 0 0 0 0
633 -1 -1 -1 139 -1 Deino $ $ 0 0 0 0 0 0
634 -1 -1 -1 140 -1 Zweilous $ $ 0 0 0 0 0 0
635 -1 -1 -1 141 -1 Hydreigon $ $ 0 0 0 0 0 0
636 -1 -1 -1 142 -1 Larvesta $ $ 0 0 0 0 0 0
637 -1 -1 -1 143 -1 Volcarona $ $ 0 0 0 0 0 0
638 -1 -1 -1 144 -1 Cobalion $ $ 0 0 0 0 0 0
639 -1 -1 -1 145 -1 Terrakion $ $ 0 0 0 0 0 0
640 -1 -1 -1 146 -1 Virizion $ $ 0 0 0 0 0 0
641 -1 -1 -1 147 -1 Tornadus $ $ 0 0 0 0 0 0
642 -1 -1 -1 148 -1 Thundurus $ $ 0 0 0 0 0 0
643 -1 -1 -1 149 -1 Reshiram $ $ 0 0 0 0 0 0
644 -1 -1 -1 150 -1 Zekrom $ $ 0 0 0 0 0 0
645 -1 -1 -1 151 -1 Landorus $ $ 0 0 0 0 0 0
646 -1 -1 -1 152 -1 Kyurem $ $ 0 0 0 0 0 0
647 -1 -1 -1 153 -1 Keldeo $ $ 0 0 0 0 0 0
648 -1 -1 -1 154 -1 Meloetta $ $ 0 0 0 0 0 0
649 -1 -1 -1 155 -1 Genesect $ $ 0 0 0 0 0 0
650 -1 -1 -1 -1 1 Chespin $ $ 0 0 0 0 0 0
651 -1 -1 -1 -1 2 Quilladin $ $ 0 0 0 0 0 0
652 -1 -1 -1 -1 3 Chesnaught $ $ 0 0 0 0 0 0
653 -1 -1 -1 -1 4 Fennekin $ $ 0 0 0 0 0 0
654 -1 -1 -1 -1 5 Braixen $ $ 0 0 0 0 0 0
655 -1 -1 -1 -1 6 Delphox $ $ 0 0 0 0 0 0
656 -1 -1 -1 -1 7 Froakie $ $ 0 0 0 0 0 0
657 -1 -1 -1 -1 8 Frogadier $ $ 0 0 0 0 0 0
658 -1 -1 -1 -1 9 Greninja $ $ 0 0 0 0 0 0
659 -1 -1 -1 -1 10 Bunnelby $ $ 0 0 0 0 0 0
660 -1 -1 -1 -1 11 Diggersby $ $ 0 0 0 0 0 0
661 -1 -1 -1 -1 14 Fletchling $ $ 0 0 0 0 0 0
662 -1 -1 -1 -1 15 Fletchinder $ $ 0 0 0 0 0 0
663 -1 -1 -1 -1 16 Talonflame $ $ 0 0 0 0 0 0
664 -1 -1 -1 -1 20 Scatterbug $ $ 0 0 0 0 0 0
665 -1 -1 -1 -1 21 Spewpa $ $ 0 0 0 0 0 0
666 -1 -1 -1 -1 22 Vivillon $ $ 0 0 0 0 0 0
667 -1 -1 -1 -1 57 Litleo $ $ 0 0 0 0 0 0
668 -1 -1 -1 -1 58 Pyroar $ $ 0 0 0 0 0 0
669 -1 -1 -1 -1 68 Flabebe $ $ 0 0 0 0 0 0
670 -1 -1 -1 -1 69 Floette $ $ 0 0 0 0 0 0
671 -1 -1 -1 -1 70 Florges $ $ 0 0 0 0 0 0
672 -1 -1 -1 -1 89 Skiddo $ $ 0 0 0 0 0 0
673 -1 -1 -1 -1 90 Gogoat $ $ 0 0 0 0 0 0
674 -1 -1 -1 -1 91 Pancham $ $ 0 0 0 0 0 0
675 -1 -1 -1 -1 92 Pangoro $ $ 0 0 0 0 0 0
676 -1 -1 -1 -1 93 Furfrou $ $ 0 0 0 0 0 0
677 -1 -1 -1 -1 114 Espurr $ $ 0 0 0 0 0 0
678 -1 -1 -1 -1 115 Meowstic $ $ 0 0 0 0 0 0
679 -1 -1 -1 -1 117 Honedge $ $ 0 0 0 0 0 0
680 -1 -1 -1 -1 118 Doublade $ $ 0 0 0 0 0 0
681 -1 -1 -1 -1 119 Aegislash $ $ 0 0 0 0 0 0
682 -1 -1 -1 -1 129 Spritzee $ $ 0 0 0 0 0 0
683 -1 -1 -1 -1 130 Aromatisse $ $ 0 0 0 0 0 0
684 -1 -1 -1 -1 131 Swirlix $ $ 0 0 0 0 0 0
685 -1 -1 -1 -1 132 Slurpuff $ $ 0 0 0 0 0 0
686 -1 -1 -1 -1 10 Inkay $ $ 0 0 0 0 0 0
687 -1 -1 -1 -1 11 Malamar $ $ 0 0 0 0 0 0
688 -1 -1 -1 -1 21 Binacle $ $ 0 0 0 0 0 0
689 -1 -1 -1 -1 22 Barbaracle $ $ 0 0 0 0 0 0
690 -1 -1 -1 -1 30 Skrelp $ $ 0 0 0 0 0 0
691 -1 -1 -1 -1 31 Dragalge $ $ 0 0 0 0 0 0
692 -1 -1 -1 -1 32 Clauncher $ $ 0 0 0 0 0 0
693 -1 -1 -1 -1 33 Clawitzer $ $ 0 0 0 0 0 0
694 -1 -1 -1 -1 46 Helioptile $ $ 0 0 0 0 0 0
695 -1 -1 -1 -1 47 Heliolisk $ $ 0 0 0 0 0 0
696 -1 -1 -1 -1 64 Tyrunt $ $ 0 0 0 0 0 0
697 -1 -1 -1 -1 65 Tyrantrum $ $ 0 0 0 0 0 0
698 -1 -1 -1 -1 66 Amaura $ $ 0 0 0 0 0 0
699 -1 -1 -1 -1 67 Aurorus $ $ 0 0 0 0 0 0
700 -1 -1 -1 -1 85 Sylveon $ $ 0 0 0 0 0 0
701 -1 -1 -1 -1 89 Hawlucha $ $ 0 0 0 0 0 0
702 -1 -1 -1 -1 110 Dedenne $ $ 0 0 0 0 0 0
703 -1 -1 -1 -1 124 Carbink $ $ 0 0 0 0 0 0
704 -1 -1 -1 -1 19 Goomy $ $ 0 0 0 0 0 0
705 -1 -1 -1 -1 20 Sliggoo $ $ 0 0 0 0 0 0
706 -1 -1 -1 -1 21 Goodra $ $ 0 0 0 0 0 0
707 -1 -1 -1 -1 50 Klefki $ $ 0 0 0 0 0 0
708 -1 -1 -1 -1 61 Phantump $ $ 0 0 0 0 0 0
709 -1 -1 -1 -1 62 Trevenant $ $ 0 0 0 0 0 0
710 -1 -1 -1 -1 63 Pumpkaboo $ $ 0 0 0 0 0 0
711 -1 -1 -1 -1 64 Gourgeist $ $ 0 0 0 0 0 0
712 -1 -1 -1 -1 79 Bergmite $ $ 0 0 0 0 0 0
713 -1 -1 -1 -1 80 Avalugg $ $ 0 0 0 0 0 0
714 -1 -1 -1 -1 1113 Noibat $ $ 0 0 0 0 0 0
715 -1 -1 -1 -1 114 Noivern $ $ 0 0 0 0 0 0
716 -1 -1 -1 -1 148 Xerneas $ $ 0 0 0 0 0 0
717 -1 -1 -1 -1 149 Yveltal $ $ 0 0 0 0 0 0
718 -1 -1 -1 -1 150 Zygarde $ $ 0 0 0 0 0 0
719 -1 -1 -1 -1 151 Diancie $ $ 0 0 0 0 0 0
720 -1 -1 -1 -1 152 Hoopa $ $ 0 0 0 0 0 0
721 -1 -1 -1 -1 153 Volcanion $ $ 0 0 0 0 0 0 