1 231 -1 -1 -1 -1 Bulbasaur 12 4 0 0 0 0 0 0
2 232 -1 -1 -1 -1 Ivysaur 12 4 0 0 0 0 0 0
3 233 -1 -1 -1 -1 Venusaur 12 4 0 0 0 0 0 0
4 234 -1 -1 -1 -1 Charmander 10 0 0 0 0 0 0 1
5 235 -1 -1 -1 -1 Charmeleon 10 0 0 0 0 0 0 1
6 236 -1 -1 -1 -1 Charizard 10 3 0 0 0 0 0 1
7 237 -1 -1 -1 -1 Squirtle 11 0 0 0 0 0 0 2
8 238 -1 -1 -1 -1 Wartortle 11 0 0 0 0 0 0 2
9 239 -1 -1 -1 -1 Blastoise 11 0 0 0 0 0 0 2
10 24 -1 -1 -1 -1 Caterpie 7 0 0 0 0 0 0 3
11 25 -1 -1 -1 -1 Metapod 7 0 0 0 0 0 0 3
12 26 -1 -1 -1 -1 Butterfree 7 3 0 0 0 0 0 3
13 27 -1 -1 -1 -1 Weedle 7 4 0 0 0 0 0 4
14 28 -1 -1 -1 -1 Kakuna 7 4 0 0 0 0 0 4
15 29 -1 -1 -1 -1 Beedrill 7 4 0 0 0 0 0 4
16 10 -1 -1 -1 -1 Pidgey 1 3 0 0 0 0 0 5
17 11 -1 -1 -1 -1 Pidgeotto 1 3 0 0 0 0 0 5
18 12 -1 -1 -1 -1 Pidgeot 1 3 0 0 0 0 0 5
19 17 -1 -1 -1 -1 Rattata 1 0 0 0 0 0 0 6
20 18 -1 -1 -1 -1 Raticate 1 0 0 0 0 0 0 6
21 13 -1 -1 -1 -1 Spearow 1 3 0 0 0 0 0 7
22 14 -1 -1 -1 -1 Fearow 1 3 0 0 0 0 0 7
23 50 -1 -1 -1 -1 Ekans 4 0 0 0 0 0 0 8
24 51 -1 -1 -1 -1 Arbok 4 0 0 0 0 0 0 8
25 22 163 104 -1 -1 Pikachu 13 0 0 0 0 0 0 9
26 23 164 105 -1 -1 Raichu 13 0 0 0 0 0 0 9
27 48 117 -1 -1 -1 Sandshrew 5 0 0 0 0 0 0 10
28 49 118 -1 -1 -1 Sandslash 5 0 0 0 0 0 0 10
29 95 -1 -1 -1 -1 NidoranF 4 0 0 0 0 0 0 11
30 96 -1 -1 -1 -1 Nidorina 4 0 0 0 0 0 0 11
31 97 -1 -1 -1 -1 Nidoqueen 4 5 0 0 0 0 0 11
32 98 -1 -1 -1 -1 NidoranM 4 0 0 0 0 0 0 11
33 99 -1 -1 -1 -1 Nidorino 4 0 0 0 0 0 0 11
34 100 -1 -1 -1 -1 Nidoking 4 5 0 0 0 0 0 11
35 41 -1 100 -1 -1 Clefairy 18 0 0 0 0 0 0 12
36 42 -1 101 -1 -1 Clefable 18 0 0 0 0 0 0 12
37 127 160 -1 -1 -1 Vulpix 10 0 0 0 0 0 0 13
38 128 161 -1 -1 -1 Ninetales 10 0 0 0 0 0 0 13
39 44 143 -1 -1 -1 Jigglypuff 1 18 0 0 0 0 0 14
40 45 144 -1 -1 -1 Wigglytuff 1 18 0 0 0 0 0 14
41 37 65 28 -1 -1 Zubat 4 3 0 0 0 0 0 15
42 38 66 29 -1 -1 Golbat 4 3 0 0 0 0 0 15
43 83 91 -1 -1 -1 Oddish 12 4 0 0 0 0 0 16
44 84 92 -1 -1 -1 Gloom 12 4 0 0 0 0 0 16
45 85 93 -1 -1 -1 Vileplume 12 4 0 0 0 0 0 16
46 70 -1 -1 -1 -1 Paras 7 12 0 0 0 0 0 17
47 71 -1 -1 -1 -1 Parasect 7 12 0 0 0 0 0 17
48 109 -1 -1 -1 -1 Venonat 7 4 0 0 0 0 0 18
49 110 -1 -1 -1 -1 Venomoth 7 4 0 0 0 0 0 18
50 134 -1 -1 -1 -1 Diglett 5 0 0 0 0 0 0 19
51 135 -1 -1 -1 -1 Dugtrio 5 0 0 0 0 0 0 19
52 138 -1 -1 -1 -1 Meowth 1 0 0 0 0 0 0 20
53 139 -1 -1 -1 -1 Persian 1 0 0 0 0 0 0 20
54 140 165 43 -1 -1 Psyduck 11 0 0 0 0 0 0 21
55 141 166 44 -1 -1 Golduck 11 0 0 0 0 0 0 21
56 136 -1 -1 -1 -1 Mankey 2 0 0 0 0 0 0 22
57 137 -1 -1 -1 -1 Primeape 2 0 0 0 0 0 0 22
58 129 -1 -1 -1 -1 Growlithe 10 0 0 0 0 0 0 23
59 130 -1 -1 -1 -1 Arcanine 10 0 0 0 0 0 0 23
60 72 -1 -1 -1 -1 Poliwag 11 0 0 0 0 0 0 24
61 73 -1 -1 -1 -1 Poliwhirl 11 0 0 0 0 0 0 24
62 74 -1 -1 -1 -1 Poliwrath 11 2 0 0 0 0 0 24
63 89 40 20 -1 -1 Abra 14 0 0 0 0 0 0 25
64 90 41 21 -1 -1 Kadabra 14 0 0 0 0 0 0 25
65 91 42 22 -1 -1 Alakazam 14 0 0 0 0 0 0 25
66 142 75 40 -1 -1 Machop 2 0 0 0 0 0 0 26
67 143 76 41 -1 -1 Machoke 2 0 0 0 0 0 0 26
68 144 77 42 -1 -1 Machamp 2 0 0 0 0 0 0 26
69 64 -1 -1 -1 -1 Bellsprout 12 4 0 0 0 0 0 27
70 65 -1 -1 -1 -1 Weepinbell 12 4 0 0 0 0 0 27
71 66 -1 -1 -1 -1 Victreebel 12 4 0 0 0 0 0 27
72 164 68 136 -1 -1 Tentacool 11 4 0 0 0 0 0 28
73 165 69 137 -1 -1 Tentacruel 11 4 0 0 0 0 0 28
74 34 58 31 -1 -1 Geodude 6 5 0 0 0 0 0 29
75 35 59 32 -1 -1 Graveler 6 5 0 0 0 0 0 29
76 36 60 33 -1 -1 Golem 6 5 0 0 0 0 0 29
77 206 -1 90 -1 -1 Ponyta 10 0 0 0 0 0 0 30
78 207 -1 91 -1 -1 Rapidash 10 0 0 0 0 0 0 30
79 80 -1 -1 -1 -1 Slowpoke 11 14 0 0 0 0 0 31
80 81 -1 -1 -1 -1 Slowbro 11 14 0 0 0 0 0 31
81 119 84 178 -1 -1 Magnemite 13 9 0 0 0 0 0 32
82 120 85 179 -1 -1 Magneton 13 9 0 0 0 0 0 32
83 160 -1 -1 -1 -1 Farfetch'd 1 3 0 0 0 0 0 33
84 204 95 -1 -1 -1 Doduo 1 3 0 0 0 0 0 34
85 205 96 -1 -1 -1 Dodrio 1 3 0 0 0 0 0 34
86 178 -1 -1 -1 -1 Seel 11 0 0 0 0 0 0 35
87 179 -1 -1 -1 -1 Dewgong 11 15 0 0 0 0 0 35
88 117 111 -1 -1 -1 Grimer 4 0 0 0 0 0 0 36
89 118 112 -1 -1 -1 Muk 4 0 0 0 0 0 0 36
90 171 -1 -1 -1 -1 Shellder 11 0 0 0 0 0 0 37
91 172 -1 -1 -1 -1 Cloyster 11 15 0 0 0 0 0 37
92 58 -1 69 -1 -1 Gastly 8 4 0 0 0 0 0 38
93 59 -1 70 -1 -1 Haunter 8 4 0 0 0 0 0 38
94 60 -1 71 -1 -1 Gengar 8 4 0 0 0 0 0 38
95 62 -1 34 -1 -1 Onix 6 5 0 0 0 0 0 39
96 87 -1 -1 -1 -1 Drowzee 14 0 0 0 0 0 0 40
97 88 -1 -1 -1 -1 Hypno 14 0 0 0 0 0 0 40
98 166 -1 -1 -1 -1 Krabby 11 0 0 0 0 0 0 41
99 167 -1 -1 -1 -1 Kingler 11 0 0 0 0 0 0 41
100 121 87 -1 -1 -1 Voltorb 13 0 0 0 0 0 0 42
101 122 88 -1 -1 -1 Electrode 13 0 0 0 0 0 0 42
102 105 -1 -1 -1 -1 Exeggcute 12 14 0 0 0 0 0 43
103 106 -1 -1 -1 -1 Exeggutor 12 14 0 0 0 0 0 43
104 208 -1 -1 -1 -1 Cubone 5 0 0 0 0 0 0 44
105 209 -1 -1 -1 -1 Marowak 5 0 0 0 0 0 0 44
106 146 -1 -1 -1 -1 Hitmonlee 2 0 0 0 0 0 0 45
107 147 -1 -1 -1 -1 Hitmonchan 2 0 0 0 0 0 0 45
108 180 -1 161 -1 -1 Lickitung 1 0 0 0 0 0 0 46
109 115 113 -1 -1 -1 Koffing 4 0 0 0 0 0 0 47
110 116 114 -1 -1 -1 Weezing 4 0 0 0 0 0 0 47
111 211 176 186 -1 -1 Rhyhorn 5 6 0 0 0 0 0 48
112 212 177 187 -1 -1 Rhydon 5 6 0 0 0 0 0 48
113 222 -1 97 -1 -1 Chansey 1 0 0 0 0 0 0 49
114 182 -1 181 -1 -1 Tangela 12 0 0 0 0 0 0 50
115 210 -1 -1 -1 -1 Kangaskhan 1 0 0 0 0 0 0 51
116 190 193 -1 -1 -1 Horsea 11 0 0 0 0 0 0 52
117 191 194 -1 -1 -1 Seadra 11 0 0 0 0 0 0 52
118 78 51 78 -1 -1 Goldeen 11 0 0 0 0 0 0 53
119 79 52 79 -1 -1 Seaking 11 0 0 0 0 0 0 53
120 169 148 -1 -1 -1 Staryu 11 0 0 0 0 0 0 54
121 170 149 -1 -1 -1 Starmie 11 14 0 0 0 0 0 54
122 158 -1 95 -1 -1 Mr.Mime 14 18 0 0 0 0 0 55
123 111 -1 195 -1 -1 Scyther 7 3 0 0 0 0 0 56
124 155 -1 -1 -1 -1 Jynx 15 14 0 0 0 0 0 57
125 157 -1 198 -1 -1 Electabuzz 13 0 0 0 0 0 0 58
126 153 -1 201 -1 -1 Magmar 10 0 0 0 0 0 0 59
127 113 174 -1 -1 -1 Pinsir 7 0 0 0 0 0 0 60
128 150 -1 -1 -1 -1 Tauros 1 0 0 0 0 0 0 61
129 76 53 23 -1 -1 Magikarp 11 0 0 0 0 0 0 62
130 77 54 24 -1 -1 Gyarados 11 3 0 0 0 0 0 62
131 224 -1 -1 -1 -1 Lapras 11 15 0 0 0 0 0 63
132 92 -1 -1 -1 -1 Ditto 1 0 0 0 0 0 0 64
133 184 -1 163 -1 -1 Eevee 1 0 0 0 0 0 0 65
134 185 -1 164 -1 -1 Vaporeon 11 0 0 0 0 0 0 65
135 186 -1 165 -1 -1 Jolteon 13 0 0 0 0 0 0 65
136 187 -1 166 -1 -1 Flareon 10 0 0 0 0 0 0 65
137 220 -1 192 -1 -1 Porygon 1 0 0 0 0 0 0 66
138 225 -1 -1 -1 -1 Omanyte 6 11 0 0 0 0 0 67
139 226 -1 -1 -1 -1 Omastar 6 11 0 0 0 0 0 67
140 227 -1 -1 -1 -1 Kabuto 6 11 0 0 0 0 0 68
141 228 -1 -1 -1 -1 Kabutops 6 11 0 0 0 0 0 68
142 229 -1 -1 -1 -1 Aerodactyl 6 3 0 0 0 0 0 69
143 230 -1 113 -1 -1 Snorlax 1 0 0 0 0 0 0 70
144 240 -1 -1 -1 -1 Articuno 15 3 0 0 0 0 0 71
145 241 -1 -1 -1 -1 Zapdos 13 3 0 0 0 0 0 72
146 242 -1 -1 -1 -1 Moltres 10 3 0 0 0 0 0 73
147 246 -1 -1 -1 -1 Dratini 16 0 0 0 0 0 0 74
148 247 -1 -1 -1 -1 Dragonair 16 0 0 0 0 0 0 74
149 248 -1 -1 -1 -1 Dragonite 16 3 0 0 0 0 0 74
150 254 -1 -1 -1 -1 Mewtwo 14 0 0 0 0 0 0 75
151 255 -1 -1 -1 -1 Mew 14 0 0 0 0 0 0 76
152 1 -1 -1 -1 -1 Chikorita 12 0 0 0 0 0 0 77
153 2 -1 -1 -1 -1 Bayleef 12 0 0 0 0 0 0 77
154 3 -1 -1 -1 -1 Meganium 12 0 0 0 0 0 0 77
155 4 -1 -1 -1 -1 Cyndaquil 10 0 0 0 0 0 0 78
156 5 -1 -1 -1 -1 Quilava 10 0 0 0 0 0 0 78
157 6 -1 -1 -1 -1 Typhlosion 10 0 0 0 0 0 0 78
158 7 -1 -1 -1 -1 Totodile 11 0 0 0 0 0 0 79
159 8 -1 -1 -1 -1 Croconaw 11 0 0 0 0 0 0 79
160 9 -1 -1 -1 -1 Feraligatr 11 0 0 0 0 0 0 79
161 19 -1 -1 -1 -1 Sentret 1 0 0 0 0 0 0 80
162 20 -1 -1 -1 -1 Furret 1 0 0 0 0 0 0 80
163 15 -1 106 -1 -1 Hoothoot 1 3 0 0 0 0 0 81
164 16 -1 107 -1 -1 Noctowl 1 3 0 0 0 0 0 81
165 30 -1 -1 -1 -1 Ledyba 7 3 0 0 0 0 0 82
166 31 -1 -1 -1 -1 Ledian 7 3 0 0 0 0 0 82
167 32 -1 -1 -1 -1 Spinarak 7 4 0 0 0 0 0 83
168 33 -1 -1 -1 -1 Ariados 7 4 0 0 0 0 0 83
169 39 67 30 -1 -1 Crobat 4 3 0 0 0 0 0 15
170 176 190 -1 -1 -1 Chinchou 11 13 0 0 0 0 0 84
171 177 191 -1 -1 -1 Lanturn 11 13 0 0 0 0 0 84
172 21 162 103 -1 -1 Pichu 13 0 0 0 0 0 0 9
173 40 -1 99 -1 -1 Cleffa 18 0 0 0 0 0 0 12
174 43 142 -1 -1 -1 Igglybuff 1 18 0 0 0 0 0 14
175 46 -1 173 -1 -1 Togepi 18 0 0 0 0 0 0 85
176 47 -1 174 -1 -1 Togetic 18 3 0 0 0 0 0 85
177 161 169 -1 -1 -1 Natu 14 3 0 0 0 0 0 86
178 162 170 -1 -1 -1 Xatu 14 3 0 0 0 0 0 86
179 53 -1 -1 -1 -1 Mareep 13 0 0 0 0 0 0 87
180 54 -1 -1 -1 -1 Flaaffy 13 0 0 0 0 0 0 87
181 55 -1 -1 -1 -1 Ampharos 13 0 0 0 0 0 0 87
182 86 94 -1 -1 -1 Bellossom 12 0 0 0 0 0 0 16
183 132 56 125 -1 -1 Marill 11 18 0 0 0 0 0 88
184 133 57 126 -1 -1 Azumarill 11 18 0 0 0 0 0 88
185 107 -1 93 -1 -1 Sudowoodo 6 0 0 0 0 0 0 89
186 75 -1 -1 -1 -1 Politoed 11 0 0 0 0 0 0 24
187 67 -1 -1 -1 -1 Hoppip 12 3 0 0 0 0 0 90
188 68 -1 -1 -1 -1 Skiploom 12 3 0 0 0 0 0 90
189 69 -1 -1 -1 -1 Jumpluff 12 3 0 0 0 0 0 90
190 123 -1 63 -1 -1 Aipom 1 0 0 0 0 0 0 91
191 103 -1 -1 -1 -1 Sunkern 12 0 0 0 0 0 0 92
192 104 -1 -1 -1 -1 Sunflora 12 0 0 0 0 0 0 92
193 101 -1 183 -1 -1 Yanma 7 3 0 0 0 0 0 93
194 56 -1 117 -1 -1 Wooper 11 5 0 0 0 0 0 94
195 57 -1 118 -1 -1 Quagsire 11 5 0 0 0 0 0 94
196 188 -1 167 -1 -1 Espeon 14 0 0 0 0 0 0 65
197 189 -1 168 -1 -1 Umbreon 17 0 0 0 0 0 0 65
198 213 -1 74 -1 -1 Murkrow 17 3 0 0 0 0 0 95
199 82 -1 -1 -1 -1 Slowking 11 14 0 0 0 0 0 31
200 219 -1 72 -1 -1 Misdreavus 8 0 0 0 0 0 0 96
201 61 -1 114 -1 -1 Unown 14 0 0 0 0 0 0 97
202 108 168 -1 -1 -1 Wobbuffet 14 0 0 0 0 0 0 98
203 149 171 121 -1 -1 Girafarig 1 14 0 0 0 0 0 99
204 93 -1 -1 -1 -1 Pineco 7 0 0 0 0 0 0 100
205 94 -1 -1 -1 -1 Forretress 7 9 0 0 0 0 0 100
206 52 -1 -1 -1 -1 Dunsparce 1 0 0 0 0 0 0 101
207 193 -1 153 -1 -1 Gligar 5 3 0 0 0 0 0 102
208 63 -1 35 -1 -1 Steelix 9 5 0 0 0 0 0 39
209 125 -1 -1 -1 -1 Snubbull 18 0 0 0 0 0 0 103
210 126 -1 -1 -1 -1 Granbull 18 0 0 0 0 0 0 103
211 163 -1 -1 -1 -1 Qwilfish 11 4 0 0 0 0 0 104
212 112 -1 196 -1 -1 Scizor 7 9 0 0 0 0 0 56
213 168 -1 -1 -1 -1 Shuckle 7 6 0 0 0 0 0 105
214 114 175 62 -1 -1 Heracross 7 2 0 0 0 0 0 106
215 218 -1 144 -1 -1 Sneasel 17 15 0 0 0 0 0 107
216 198 -1 -1 -1 -1 Teddiursa 1 0 0 0 0 0 0 108
217 199 -1 -1 -1 -1 Ursaring 1 0 0 0 0 0 0 108
218 216 108 -1 -1 -1 Slugma 10 0 0 0 0 0 0 109
219 217 109 -1 -1 -1 Magcargo 10 6 0 0 0 0 0 109
220 195 -1 203 -1 -1 Swinub 15 5 0 0 0 0 0 110
221 196 -1 204 -1 -1 Piloswine 15 5 0 0 0 0 0 110
222 173 189 -1 -1 -1 Corsola 11 6 0 0 0 0 0 111
223 174 -1 132 -1 -1 Remoraid 11 0 0 0 0 0 0 112
224 175 -1 133 -1 -1 Octillery 11 0 0 0 0 0 0 112
225 194 -1 -1 -1 -1 Delibird 15 3 0 0 0 0 0 113
226 202 -1 141 -1 -1 Mantine 11 3 0 0 0 0 0 114
227 203 120 -1 -1 -1 Skarmory 9 3 0 0 0 0 0 115
228 214 -1 176 -1 -1 Houndour 17 10 0 0 0 0 0 116
229 215 -1 177 -1 -1 Houndoom 17 10 0 0 0 0 0 116
230 192 186 -1 -1 -1 Kingdra 11 16 0 0 0 0 0 52
231 200 172 -1 -1 -1 Phanpy 5 0 0 0 0 0 0 117
232 201 173 -1 -1 -1 Donphan 5 0 0 0 0 0 0 117
233 221 -1 193 -1 -1 Porygon2 1 0 0 0 0 0 0 66
234 131 -1 -1 -1 -1 Stantler 1 0 0 0 0 0 0 118
235 159 -1 -1 -1 -1 Smeargle 1 0 0 0 0 0 0 119
236 145 -1 -1 -1 -1 Tyrogue 2 0 0 0 0 0 0 45
237 148 -1 -1 -1 -1 Hitmontop 2 0 0 0 0 0 0 45
238 154 -1 -1 -1 -1 Smoochum 15 14 0 0 0 0 0 57
239 156 -1 197 -1 -1 Elekid 13 0 0 0 0 0 0 58
240 152 -1 200 -1 -1 Magby 10 0 0 0 0 0 0 59
241 151 -1 -1 -1 -1 Miltank 1 0 0 0 0 0 0 120
242 223 -1 98 -1 -1 Blissey 1 0 0 0 0 0 0 49
243 243 -1 -1 -1 -1 Raikou 13 0 0 0 0 0 0 121
244 244 -1 -1 -1 -1 Entei 10 0 0 0 0 0 0 122
245 245 -1 -1 -1 -1 Suicune 11 0 0 0 0 0 0 123
246 249 -1 -1 -1 -1 Larvitar 6 5 0 0 0 0 0 124
247 250 -1 -1 -1 -1 Pupitar 6 5 0 0 0 0 0 124
248 251 -1 -1 -1 -1 Tyranitar 6 17 0 0 0 0 0 124
249 252 -1 -1 -1 -1 Lugia 14 3 0 0 0 0 0 125
250 253 -1 -1 -1 -1 Ho-oh 10 3 0 0 0 0 0 126
251 256 -1 -1 -1 -1 Celebi 14 12 0 0 0 0 0 127
252 -1 1 -1 -1 -1 Treecko 12 0 0 0 0 0 0 128
253 -1 2 -1 -1 -1 Grovyle 12 0 0 0 0 0 0 128
254 -1 3 -1 -1 -1 Sceptile 12 0 0 0 0 0 0 128
255 -1 4 -1 -1 -1 Torchic 10 0 0 0 0 0 0 129
256 -1 5 -1 -1 -1 Combusken 10 2 0 0 0 0 0 129
257 -1 6 -1 -1 -1 Blaziken 10 2 0 0 0 0 0 129
258 -1 7 -1 -1 -1 Mudkip 11 0 0 0 0 0 0 130
259 -1 8 -1 -1 -1 Marshtomp 11 5 0 0 0 0 0 130
260 -1 9 -1 -1 -1 Swampert 11 5 0 0 0 0 0 130
261 -1 10 -1 -1 -1 Poochyena 17 0 0 0 0 0 0 131
262 -1 11 -1 -1 -1 Mightyena 17 0 0 0 0 0 0 131
263 -1 12 -1 -1 -1 Zigzagoon 1 0 0 0 0 0 0 132
264 -1 13 -1 -1 -1 Linoone 1 0 0 0 0 0 0 132
265 -1 14 48 -1 -1 Wurmple 7 0 0 0 0 0 0 133
266 -1 15 49 -1 -1 Silcoon 7 0 0 0 0 0 0 133
267 -1 16 50 -1 -1 Beautifly 7 3 0 0 0 0 0 133
268 -1 17 51 -1 -1 Cascoon 7 0 0 0 0 0 0 133
269 -1 18 52 -1 -1 Dustox 7 4 0 0 0 0 0 133
270 -1 19 -1 -1 -1 Lotad 11 12 0 0 0 0 0 134
271 -1 20 -1 -1 -1 Lombre 11 12 0 0 0 0 0 134
272 -1 21 -1 -1 -1 Ludicolo 11 12 0 0 0 0 0 134
273 -1 22 -1 -1 -1 Seedot 12 0 0 0 0 0 0 135
274 -1 23 -1 -1 -1 Nuzleaf 12 17 0 0 0 0 0 135
275 -1 24 -1 -1 -1 Shiftry 12 17 0 0 0 0 0 135
276 -1 25 -1 -1 -1 Taillow 1 3 0 0 0 0 0 136
277 -1 26 -1 -1 -1 Swellow 1 3 0 0 0 0 0 136
278 -1 27 119 -1 -1 Wingull 11 3 0 0 0 0 0 137
279 -1 28 120 -1 -1 Pelipper 11 3 0 0 0 0 0 137
280 -1 29 157 -1 -1 Ralts 14 18 0 0 0 0 0 138
281 -1 30 158 -1 -1 Kirlia 14 18 0 0 0 0 0 138
282 -1 31 159 -1 -1 Gardevoir 14 18 0 0 0 0 0 138
283 -1 33 -1 -1 -1 Surskit 7 11 0 0 0 0 0 139
284 -1 34 -1 -1 -1 Masquerain 7 3 0 0 0 0 0 139
285 -1 35 -1 -1 -1 Shroomish 12 0 0 0 0 0 0 140
286 -1 36 -1 -1 -1 Breloom 12 2 0 0 0 0 0 140
287 -1 37 -1 -1 -1 Slakoth 1 0 0 0 0 0 0 141
288 -1 38 -1 -1 -1 Vigoroth 1 0 0 0 0 0 0 141
289 -1 39 -1 -1 -1 Slaking 1 0 0 0 0 0 0 141
290 -1 43 -1 -1 -1 Nincada 7 5 0 0 0 0 0 142
291 -1 44 -1 -1 -1 Ninjask 7 3 0 0 0 0 0 142
292 -1 45 -1 -1 -1 Shedinja 7 8 0 0 0 0 0 142
293 -1 46 -1 -1 -1 Whismur 1 0 0 0 0 0 0 143
294 -1 47 -1 -1 -1 Loudred 1 0 0 0 0 0 0 143
295 -1 48 -1 -1 -1 Exploud 1 0 0 0 0 0 0 143
296 -1 49 -1 -1 -1 Makuhita 2 0 0 0 0 0 0 144
297 -1 50 -1 -1 -1 Hariyama 2 0 0 0 0 0 0 144
298 -1 55 124 -1 -1 Azurill 1 18 0 0 0 0 0 88
299 -1 61 155 -1 -1 Nosepass 6 0 0 0 0 0 0 145
300 -1 63 -1 -1 -1 Skitty 1 0 0 0 0 0 0 146
301 -1 64 -1 -1 -1 Delcatty 1 0 0 0 0 0 0 146
302 -1 70 -1 -1 -1 Sableye 17 8 0 0 0 0 0 147
303 -1 71 -1 -1 -1 Mawile 9 18 0 0 0 0 0 148
304 -1 72 -1 -1 -1 Aron 9 6 0 0 0 0 0 149
305 -1 73 -1 -1 -1 Lairon 9 6 0 0 0 0 0 149
306 -1 74 -1 -1 -1 Aggron 9 6 0 0 0 0 0 149
307 -1 78 86 -1 -1 Meditite 2 14 0 0 0 0 0 150
308 -1 79 87 -1 -1 Medicham 2 14 0 0 0 0 0 150
309 -1 80 -1 -1 -1 Electrike 13 0 0 0 0 0 0 151
310 -1 81 -1 -1 -1 Manectric 13 0 0 0 0 0 0 151
311 -1 82 -1 -1 -1 Plusle 13 0 0 0 0 0 0 152
312 -1 83 -1 -1 -1 Minun 13 0 0 0 0 0 0 153
313 -1 89 -1 -1 -1 Volbeat 7 0 0 0 0 0 0 154
314 -1 90 -1 -1 -1 Illumise 7 0 0 0 0 0 0 154
315 -1 98 26 -1 -1 Roselia 12 4 0 0 0 0 0 155
316 -1 100 -1 -1 -1 Gulpin 4 0 0 0 0 0 0 156
317 -1 101 -1 -1 -1 Swalot 4 0 0 0 0 0 0 156
318 -1 102 -1 -1 -1 Carvanha 11 17 0 0 0 0 0 157
319 -1 103 -1 -1 -1 Sharpedo 11 17 0 0 0 0 0 157
320 -1 104 -1 -1 -1 Wailmer 11 0 0 0 0 0 0 158
321 -1 105 -1 -1 -1 Wailord 11 0 0 0 0 0 0 158
322 -1 106 -1 -1 -1 Numel 10 5 0 0 0 0 0 159
323 -1 107 -1 -1 -1 Camerupt 10 5 0 0 0 0 0 159
324 -1 110 -1 -1 -1 Torkoal 10 0 0 0 0 0 0 160
325 -1 114 -1 -1 -1 Spoink 14 0 0 0 0 0 0 161
326 -1 115 -1 -1 -1 Grumpig 14 0 0 0 0 0 0 161
327 -1 119 -1 -1 -1 Spinda 1 0 0 0 0 0 0 162
328 -1 121 -1 -1 -1 Trapinch 5 0 0 0 0 0 0 163
329 -1 122 -1 -1 -1 Vibrava 5 16 0 0 0 0 0 163
330 -1 123 -1 -1 -1 Flygon 5 16 0 0 0 0 0 163
331 -1 124 -1 -1 -1 Cacnea 12 0 0 0 0 0 0 164
332 -1 125 -1 -1 -1 Cacturne 12 17 0 0 0 0 0 164
333 -1 126 171 -1 -1 Swablu 1 3 0 0 0 0 0 165
334 -1 127 172 -1 -1 Altaria 16 3 0 0 0 0 0 165
335 -1 128 -1 -1 -1 Zangoose 1 0 0 0 0 0 0 166
336 -1 129 -1 -1 -1 Seviper 4 0 0 0 0 0 0 167
337 -1 130 -1 -1 -1 Lunatone 6 14 0 0 0 0 0 168
338 -1 131 -1 -1 -1 Solrock 6 14 0 0 0 0 0 169
339 -1 132 80 -1 -1 Barboach 11 5 0 0 0 0 0 170
340 -1 133 81 -1 -1 Whiscash 11 5 0 0 0 0 0 170
341 -1 134 -1 -1 -1 Corphish 11 0 0 0 0 0 0 171
342 -1 135 -1 -1 -1 Crawdaunt 11 17 0 0 0 0 0 171
343 -1 136 -1 -1 -1 Baltoy 5 14 0 0 0 0 0 172
344 -1 137 -1 -1 -1 Claydol 5 14 0 0 0 0 0 172
345 -1 138 -1 -1 -1 Lileep 6 12 0 0 0 0 0 173
346 -1 139 -1 -1 -1 Cradily 6 12 0 0 0 0 0 173
347 -1 140 -1 -1 -1 Anorith 6 7 0 0 0 0 0 174
348 -1 141 -1 -1 -1 Armaldo 6 7 0 0 0 0 0 174
349 -1 145 138 -1 -1 Feebas 11 0 0 0 0 0 0 175
350 -1 146 139 -1 -1 Milotic 11 0 0 0 0 0 0 175
351 -1 147 -1 -1 -1 Castform 1 0 0 0 0 0 0 176
352 -1 150 -1 -1 -1 Kecleon 1 0 0 0 0 0 0 177
353 -1 151 -1 -1 -1 Shuppet 8 0 0 0 0 0 0 178
354 -1 152 -1 -1 -1 Banette 8 0 0 0 0 0 0 178
355 -1 153 189 -1 -1 Duskull 8 0 0 0 0 0 0 179
356 -1 154 190 -1 -1 Dusclops 8 0 0 0 0 0 0 179
357 -1 156 185 -1 -1 Tropius 12 3 0 0 0 0 0 180
358 -1 158 83 -1 -1 Chimecho 14 0 0 0 0 0 0 181
359 -1 159 209 -1 -1 Absol 17 0 0 0 0 0 0 182
360 -1 167 -1 -1 -1 Wynaut 14 0 0 0 0 0 0 98
361 -1 179 206 -1 -1 Snorunt 15 0 0 0 0 0 0 183
362 -1 180 207 -1 -1 Glalie 15 0 0 0 0 0 0 183
363 -1 182 -1 -1 -1 Spheal 15 11 0 0 0 0 0 184
364 -1 183 -1 -1 -1 Sealeo 15 11 0 0 0 0 0 184
365 -1 184 -1 -1 -1 Walrein 15 11 0 0 0 0 0 184
366 -1 185 -1 -1 -1 Clamperl 11 0 0 0 0 0 0 185
367 -1 186 -1 -1 -1 Huntail 11 0 0 0 0 0 0 185
368 -1 187 -1 -1 -1 Gorebyss 11 0 0 0 0 0 0 185
369 -1 188 -1 -1 -1 Relicanth 11 6 0 0 0 0 0 186
370 -1 192 -1 -1 -1 Luvdisc 11 0 0 0 0 0 0 187
371 -1 196 -1 -1 -1 Bagon 16 0 0 0 0 0 0 188
372 -1 197 -1 -1 -1 Shelgon 16 0 0 0 0 0 0 188
373 -1 198 -1 -1 -1 Salamence 16 3 0 0 0 0 0 188
374 -1 199 -1 -1 -1 Beldum 9 14 0 0 0 0 0 189
375 -1 200 -1 -1 -1 Metang 9 14 0 0 0 0 0 189
376 -1 201 -1 -1 -1 Metagross 9 14 0 0 0 0 0 189
377 -1 202 -1 -1 -1 Regirock 6 0 0 0 0 0 0 190
378 -1 203 -1 -1 -1 Regice 15 0 0 0 0 0 0 191
379 -1 204 -1 -1 -1 Registeel 9 0 0 0 0 0 0 192
380 -1 205 -1 -1 -1 Latias 16 14 0 0 0 0 0 193
381 -1 206 -1 -1 -1 Latios 16 14 0 0 0 0 0 194
382 -1 207 -1 -1 -1 Kyogre 11 0 0 0 0 0 0 195
383 -1 208 -1 -1 -1 Groudon 5 0 0 0 0 0 0 196
384 -1 209 -1 -1 -1 Rayquaza 16 3 0 0 0 0 0 197
385 -1 210 -1 -1 -1 Jirachi 9 14 0 0 0 0 0 198
386 -1 211 -1 -1 -1 Deoxys 14 0 0 0 0 0 0 199
387 -1 -1 1 -1 -1 Turtwig 12 0 0 0 0 0 0 200
388 -1 -1 2 -1 -1 Grotle 12 0 0 0 0 0 0 200
389 -1 -1 3 -1 -1 Torterra 12 5 0 0 0 0 0 200
390 -1 -1 4 -1 -1 Chimchar 10 0 0 0 0 0 0 201
391 -1 -1 5 -1 -1 Monferno 10 2 0 0 0 0 0 201
392 -1 -1 6 -1 -1 Infernape 10 2 0 0 0 0 0 201
393 -1 -1 7 -1 -1 Piplup 11 0 0 0 0 0 0 202
394 -1 -1 8 -1 -1 Prinplup 11 0 0 0 0 0 0 202
395 -1 -1 9 -1 -1 Empoleon 11 9 0 0 0 0 0 202
396 -1 -1 10 -1 -1 Starly 1 3 0 0 0 0 0 203
397 -1 -1 11 -1 -1 Staravia 1 3 0 0 0 0 0 203
398 -1 -1 12 -1 -1 Staraptor 1 3 0 0 0 0 0 203
399 -1 -1 13 -1 -1 Bidoof 1 0 0 0 0 0 0 204
400 -1 -1 14 -1 -1 Bibarel 1 11 0 0 0 0 0 204
401 -1 -1 15 -1 -1 Kricketot 7 0 0 0 0 0 0 205
402 -1 -1 16 -1 -1 Kricketune 7 0 0 0 0 0 0 205
403 -1 -1 17 -1 -1 Shinx 13 0 0 0 0 0 0 206
404 -1 -1 18 -1 -1 Luxio 13 0 0 0 0 0 0 206
405 -1 -1 19 -1 -1 Luxray 13 0 0 0 0 0 0 206
406 -1 97 25 -1 -1 Budew 12 4 0 0 0 0 0 155
407 -1 100 27 -1 -1 Roserade 12 4 0 0 0 0 0 155
408 -1 -1 36 -1 -1 Cranidos 6 0 0 0 0 0 0 207
409 -1 -1 37 -1 -1 Rampardos 6 0 0 0 0 0 0 207
410 -1 -1 38 -1 -1 Shieldon 6 9 0 0 0 0 0 208
411 -1 -1 39 -1 -1 Bastiodon 6 9 0 0 0 0 0 208
412 -1 -1 45 -1 -1 Burmy 7 0 0 0 0 0 0 209
413 -1 -1 46 -1 -1 Wormadam 7 12 0 0 0 0 0 209
414 -1 -1 47 -1 -1 Mothim 7 3 0 0 0 0 0 209
415 -1 -1 53 -1 -1 Combee 7 3 0 0 0 0 0 210
416 -1 -1 54 -1 -1 Vespiquen 7 3 0 0 0 0 0 210
417 -1 -1 55 -1 -1 Pachirisu 13 0 0 0 0 0 0 211
418 -1 -1 56 -1 -1 Buizel 11 0 0 0 0 0 0 212
419 -1 -1 57 -1 -1 Floatzel 11 0 0 0 0 0 0 212
420 -1 -1 58 -1 -1 Cherubi 12 0 0 0 0 0 0 213
421 -1 -1 59 -1 -1 Cherrim 12 0 0 0 0 0 0 213
422 -1 -1 60 -1 -1 Shellos 11 0 0 0 0 0 0 214
423 -1 -1 61 -1 -1 Gastrodon 11 5 0 0 0 0 0 214
424 124 -1 64 -1 -1 Ambipom 1 0 0 0 0 0 0 91
425 -1 -1 65 -1 -1 Drifloon 8 3 0 0 0 0 0 215
426 -1 -1 66 -1 -1 Drifblim 8 3 0 0 0 0 0 215
427 -1 -1 67 -1 -1 Buneary 1 0 0 0 0 0 0 216
428 -1 -1 68 -1 -1 Lopunny 1 0 0 0 0 0 0 216
429 -1 -1 73 -1 -1 Mismagius 8 0 0 0 0 0 0 96
430 -1 -1 75 -1 -1 Honchkrow 17 3 0 0 0 0 0 95
431 -1 -1 76 -1 -1 Glameow 1 0 0 0 0 0 0 217
432 -1 -1 77 -1 -1 Purugly 1 0 0 0 0 0 0 217
433 -1 157 82 -1 -1 Chingling 14 0 0 0 0 0 0 181
434 -1 -1 84 -1 -1 Stunky 4 17 0 0 0 0 0 218
435 -1 -1 85 -1 -1 Skuntank 4 17 0 0 0 0 0 218
436 -1 -1 88 -1 -1 Bronzor 9 14 0 0 0 0 0 219
437 -1 -1 89 -1 -1 Bronzong 9 14 0 0 0 0 0 219
438 -1 -1 92 -1 -1 Bonsly 6 0 0 0 0 0 0 89
439 -1 -1 94 -1 -1 MimeJr. 14 18 0 0 0 0 0 55
440 -1 -1 96 -1 -1 Happiny 1 0 0 0 0 0 0 49
441 -1 -1 102 -1 -1 Chatot 1 3 0 0 0 0 0 220
442 -1 -1 108 -1 -1 Spiritomb 8 17 0 0 0 0 0 221
443 -1 -1 109 -1 -1 Gible 16 5 0 0 0 0 0 222
444 -1 -1 110 -1 -1 Gabite 16 5 0 0 0 0 0 222
445 -1 -1 111 -1 -1 Garchomp 16 5 0 0 0 0 0 222
446 -1 -1 112 -1 -1 Munchlax 1 0 0 0 0 0 0 70
447 -1 -1 115 -1 -1 Riolu 2 0 0 0 0 0 0 223
448 -1 -1 116 -1 -1 Lucario 2 9 0 0 0 0 0 223
449 -1 -1 122 -1 -1 Hippopotas 5 0 0 0 0 0 0 224
450 -1 -1 123 -1 -1 Hippowdon 5 0 0 0 0 0 0 224
451 -1 -1 127 -1 -1 Skorupi 4 7 0 0 0 0 0 225
452 -1 -1 128 -1 -1 Drapion 4 17 0 0 0 0 0 225
453 -1 -1 129 -1 -1 Croagunk 4 2 0 0 0 0 0 226
454 -1 -1 130 -1 -1 Toxicroak 4 2 0 0 0 0 0 226
455 -1 -1 131 -1 -1 Carnivine 12 0 0 0 0 0 0 227
456 -1 -1 134 -1 -1 Finneon 11 0 0 0 0 0 0 228
457 -1 -1 135 -1 -1 Lumineon 11 0 0 0 0 0 0 228
458 -1 -1 140 -1 -1 Mantyke 11 3 0 0 0 0 0 114
459 -1 -1 142 -1 -1 Snover 12 15 0 0 0 0 0 229
460 -1 -1 143 -1 -1 Abomasnow 12 15 0 0 0 0 0 229
461 -1 -1 145 -1 -1 Weavile 17 15 0 0 0 0 0 107
462 -1 86 180 -1 -1 Magnezone 13 9 0 0 0 0 0 32
463 181 -1 162 -1 -1 Lickilicky 1 0 0 0 0 0 0 46
464 -1 178 188 -1 -1 Rhyperior 5 6 0 0 0 0 0 48
465 183 -1 182 -1 -1 Tangrowth 12 0 0 0 0 0 0 50
466 -1 -1 199 -1 -1 Electivire 13 0 0 0 0 0 0 58
467 -1 -1 202 -1 -1 Magmortar 10 0 0 0 0 0 0 59
468 -1 -1 175 -1 -1 Togekiss 18 3 0 0 0 0 0 85
469 102 -1 184 -1 -1 Yanmega 7 3 0 0 0 0 0 93
470 -1 -1 169 -1 -1 Leafeon 12 0 0 0 0 0 0 65
471 -1 -1 170 -1 -1 Glaceon 15 0 0 0 0 0 0 65
472 -1 -1 154 -1 -1 Gliscor 5 3 0 0 0 0 0 102
473 197 -1 205 -1 -1 Mamoswine 15 5 0 0 0 0 0 110
474 -1 -1 194 -1 -1 Porygon-Z 1 0 0 0 0 0 0 66
475 -1 -1 160 -1 -1 Gallade 14 2 0 0 0 0 0 138
476 -1 62 156 -1 -1 Probopass 6 9 0 0 0 0 0 145
477 -1 155 191 -1 -1 Dusknoir 8 0 0 0 0 0 0 179
478 -1 181 208 -1 -1 Froslass 15 8 0 0 0 0 0 183
479 -1 -1 152 -1 -1 Rotom 13 8 0 0 0 0 0 230
480 -1 -1 146 -1 -1 Uxie 14 0 0 0 0 0 0 231
481 -1 -1 147 -1 -1 Mesprit 14 0 0 0 0 0 0 232
482 -1 -1 148 -1 -1 Azelf 14 0 0 0 0 0 0 233
483 -1 -1 149 -1 -1 Dialga 9 16 0 0 0 0 0 234
484 -1 -1 150 -1 -1 Palkia 11 16 0 0 0 0 0 235
485 -1 -1 -1 -1 -1 Heatran 10 9 0 0 0 0 0 236
486 -1 -1 -1 -1 -1 Regigigas 1 0 0 0 0 0 0 237
487 -1 -1 210 -1 -1 Giratina 8 16 0 0 0 0 0 238
488 -1 -1 -1 -1 -1 Cresselia 14 0 0 0 0 0 0 239
489 -1 -1 -1 -1 -1 Phione 11 0 0 0 0 0 0 240
490 -1 -1 151 -1 -1 Manaphy 11 0 0 0 0 0 0 241
491 -1 -1 -1 -1 -1 Darkrai 17 0 0 0 0 0 0 242
492 -1 -1 -1 -1 -1 Shaymin 12 0 0 0 0 0 0 243
493 -1 -1 -1 -1 -1 Arceus 1 0 0 0 0 0 0 244
494 -1 -1 -1 0 -1 Victini 14 10 0 0 0 0 0 245
495 -1 -1 -1 1 -1 Snivy 12 0 0 0 0 0 0 246
496 -1 -1 -1 2 -1 Servine 12 0 0 0 0 0 0 246
497 -1 -1 -1 3 -1 Serperior 12 0 0 0 0 0 0 246
498 -1 -1 -1 4 -1 Tepig 10 0 0 0 0 0 0 247
499 -1 -1 -1 5 -1 Pignite 10 2 0 0 0 0 0 247
500 -1 -1 -1 6 -1 Emboar 10 2 0 0 0 0 0 247
501 -1 -1 -1 7 -1 Oshawott 11 0 0 0 0 0 0 248
502 -1 -1 -1 8 -1 Dewott 11 0 0 0 0 0 0 248
503 -1 -1 -1 9 -1 Samurott 11 0 0 0 0 0 0 248
504 -1 -1 -1 10 -1 Patrat 1 0 0 0 0 0 0 249
505 -1 -1 -1 11 -1 Watchog 1 0 0 0 0 0 0 249
506 -1 -1 -1 12 -1 Lillipup 1 0 0 0 0 0 0 250
507 -1 -1 -1 13 -1 Herdier 1 0 0 0 0 0 0 250
508 -1 -1 -1 14 -1 Stoutland 1 0 0 0 0 0 0 250
509 -1 -1 -1 15 -1 Purrloin 17 0 0 0 0 0 0 251
510 -1 -1 -1 16 -1 Liepard 17 0 0 0 0 0 0 251
511 -1 -1 -1 17 -1 Pansage 12 0 0 0 0 0 0 252
512 -1 -1 -1 18 -1 Simisage 12 0 0 0 0 0 0 252
513 -1 -1 -1 19 -1 Pansear 10 0 0 0 0 0 0 253
514 -1 -1 -1 20 -1 Simisear 10 0 0 0 0 0 0 253
515 -1 -1 -1 21 -1 Panpour 11 0 0 0 0 0 0 254
516 -1 -1 -1 22 -1 Simipour 11 0 0 0 0 0 0 254
517 -1 -1 -1 23 -1 Munna 14 0 0 0 0 0 0 255
518 -1 -1 -1 24 -1 Musharna 14 0 0 0 0 0 0 255
519 -1 -1 -1 25 -1 Pidove 1 3 0 0 0 0 0 256
520 -1 -1 -1 26 -1 Tranquill 1 3 0 0 0 0 0 256
521 -1 -1 -1 27 -1 Unfezant 1 3 0 0 0 0 0 256
522 -1 -1 -1 28 -1 Blitzle 13 0 0 0 0 0 0 257
523 -1 -1 -1 29 -1 Zebstrika 13 0 0 0 0 0 0 257
524 -1 -1 -1 30 -1 Roggenrola 6 0 0 0 0 0 0 258
525 -1 -1 -1 31 -1 Boldore 6 0 0 0 0 0 0 258
526 -1 -1 -1 32 -1 Gigalith 6 0 0 0 0 0 0 258
527 -1 -1 -1 33 -1 Woobat 14 3 0 0 0 0 0 259
528 -1 -1 -1 34 -1 Swoobat 14 3 0 0 0 0 0 259
529 -1 -1 -1 35 -1 Drilbur 5 0 0 0 0 0 0 260
530 -1 -1 -1 36 -1 Excadrill 5 9 0 0 0 0 0 260
531 -1 -1 -1 37 -1 Audino 1 0 0 0 0 0 0 261
532 -1 -1 -1 38 -1 Timburr 2 0 0 0 0 0 0 262
533 -1 -1 -1 39 -1 Gurdurr 2 0 0 0 0 0 0 262
534 -1 -1 -1 40 -1 Conkeldurr 2 0 0 0 0 0 0 262
535 -1 -1 -1 41 -1 Tympole 11 0 0 0 0 0 0 263
536 -1 -1 -1 42 -1 Palpitoad 11 5 0 0 0 0 0 263
537 -1 -1 -1 43 -1 Seismitoad 11 5 0 0 0 0 0 263
538 -1 -1 -1 44 -1 Throh 2 0 0 0 0 0 0 264
539 -1 -1 -1 45 -1 Sawk 2 0 0 0 0 0 0 265
540 -1 -1 -1 46 -1 Sewaddle 7 12 0 0 0 0 0 266
541 -1 -1 -1 47 -1 Swadloon 7 12 0 0 0 0 0 266
542 -1 -1 -1 48 -1 Leavanny 7 12 0 0 0 0 0 266
543 -1 -1 -1 49 -1 Venipede 7 4 0 0 0 0 0 267
544 -1 -1 -1 50 -1 Whirlipede 7 4 0 0 0 0 0 267
545 -1 -1 -1 51 -1 Scolipede 7 4 0 0 0 0 0 267
546 -1 -1 -1 52 -1 Cottonee 12 18 0 0 0 0 0 268
547 -1 -1 -1 53 -1 Whimsicott 12 18 0 0 0 0 0 268
548 -1 -1 -1 54 -1 Petilil 12 0 0 0 0 0 0 269
549 -1 -1 -1 55 -1 Lilligant 12 0 0 0 0 0 0 269
550 -1 -1 -1 56 -1 Basculin 11 0 0 0 0 0 0 270
551 -1 -1 -1 57 -1 Sandile 5 17 0 0 0 0 0 271
552 -1 -1 -1 58 -1 Krokorok 5 17 0 0 0 0 0 271
553 -1 -1 -1 59 -1 Krookodile 5 17 0 0 0 0 0 271
554 -1 -1 -1 60 -1 Darumaka 10 0 0 0 0 0 0 272
555 -1 -1 -1 61 -1 Darmanitan 10 0 0 0 0 0 0 272
556 -1 -1 -1 62 -1 Maractus 12 0 0 0 0 0 0 273
557 -1 -1 -1 63 -1 Dwebble 7 6 0 0 0 0 0 274
558 -1 -1 -1 64 -1 Crustle 7 6 0 0 0 0 0 274
559 -1 -1 -1 65 -1 Scraggy 17 2 0 0 0 0 0 275
560 -1 -1 -1 66 -1 Scrafty 17 2 0 0 0 0 0 275
561 -1 -1 -1 67 -1 Sigilyph 14 3 0 0 0 0 0 276
562 -1 -1 -1 68 -1 Yamask 8 0 0 0 0 0 0 277
563 -1 -1 -1 69 -1 Cofagrigus 8 0 0 0 0 0 0 277
564 -1 -1 -1 70 -1 Tirtouga 11 6 0 0 0 0 0 278
565 -1 -1 -1 71 -1 Carracosta 11 6 0 0 0 0 0 278
566 -1 -1 -1 72 -1 Archen 6 3 0 0 0 0 0 279
567 -1 -1 -1 73 -1 Archeops 6 3 0 0 0 0 0 279
568 -1 -1 -1 74 -1 Trubbish 4 0 0 0 0 0 0 280
569 -1 -1 -1 75 -1 Garbodor 4 0 0 0 0 0 0 280
570 -1 -1 -1 76 -1 Zorua 17 0 0 0 0 0 0 281
571 -1 -1 -1 77 -1 Zoroark 17 0 0 0 0 0 0 281
572 -1 -1 -1 78 -1 Minccino 1 0 0 0 0 0 0 282
573 -1 -1 -1 79 -1 Cinccino 1 0 0 0 0 0 0 282
574 -1 -1 -1 80 -1 Gothita 14 0 0 0 0 0 0 283
575 -1 -1 -1 81 -1 Gothorita 14 0 0 0 0 0 0 283
576 -1 -1 -1 82 -1 Gothitelle 14 0 0 0 0 0 0 283
577 -1 -1 -1 83 -1 Solosis 14 0 0 0 0 0 0 284
578 -1 -1 -1 84 -1 Duosion 14 0 0 0 0 0 0 284
579 -1 -1 -1 85 -1 Reuniclus 14 0 0 0 0 0 0 284
580 -1 -1 -1 86 -1 Ducklett 11 3 0 0 0 0 0 285
581 -1 -1 -1 87 -1 Swanna 11 3 0 0 0 0 0 285
582 -1 -1 -1 88 -1 Vanillite 15 0 0 0 0 0 0 286
583 -1 -1 -1 89 -1 Vanillish 15 0 0 0 0 0 0 286
584 -1 -1 -1 90 -1 Vanilluxe 15 0 0 0 0 0 0 286
585 -1 -1 -1 91 -1 Deerling 1 12 0 0 0 0 0 287
586 -1 -1 -1 92 -1 Sawsbuck 1 12 0 0 0 0 0 287
587 -1 -1 -1 93 -1 Emolga 13 3 0 0 0 0 0 288
588 -1 -1 -1 94 -1 Karrablast 7 0 0 0 0 0 0 289
589 -1 -1 -1 95 -1 Escavalier 7 9 0 0 0 0 0 289
590 -1 -1 -1 96 -1 Foongus 12 4 0 0 0 0 0 290
591 -1 -1 -1 97 -1 Amoonguss 12 4 0 0 0 0 0 290
592 -1 -1 -1 98 -1 Frillish 11 8 0 0 0 0 0 291
593 -1 -1 -1 99 -1 Jellicent 11 8 0 0 0 0 0 291
594 -1 -1 -1 100 -1 Alomomola 11 0 0 0 0 0 0 292
595 -1 -1 -1 101 -1 Joltik 7 13 0 0 0 0 0 293
596 -1 -1 -1 102 -1 Galvantula 7 13 0 0 0 0 0 293
597 -1 -1 -1 103 -1 Ferroseed 12 9 0 0 0 0 0 294
598 -1 -1 -1 104 -1 Ferrothorn 12 9 0 0 0 0 0 294
599 -1 -1 -1 105 -1 Klink 9 0 0 0 0 0 0 295
600 -1 -1 -1 106 -1 Klang 9 0 0 0 0 0 0 295
601 -1 -1 -1 107 -1 Klinklang 9 0 0 0 0 0 0 295
602 -1 -1 -1 108 -1 Tynamo 13 0 0 0 0 0 0 296
603 -1 -1 -1 109 -1 Eelektrik 13 0 0 0 0 0 0 296
604 -1 -1 -1 110 -1 Eelektross 13 0 0 0 0 0 0 296
605 -1 -1 -1 111 -1 Elgyem 14 0 0 0 0 0 0 297
606 -1 -1 -1 112 -1 Beheeyem 14 0 0 0 0 0 0 297
607 -1 -1 -1 113 -1 Litwick 8 10 0 0 0 0 0 298
608 -1 -1 -1 114 -1 Lampent 8 10 0 0 0 0 0 298
609 -1 -1 -1 115 -1 Chandelure 8 10 0 0 0 0 0 298
610 -1 -1 -1 116 -1 Axew 16 0 0 0 0 0 0 299
611 -1 -1 -1 117 -1 Fraxure 16 0 0 0 0 0 0 299
612 -1 -1 -1 118 -1 Haxorus 16 0 0 0 0 0 0 299
613 -1 -1 -1 119 -1 Cubchoo 15 0 0 0 0 0 0 300
614 -1 -1 -1 120 -1 Beartic 15 0 0 0 0 0 0 300
615 -1 -1 -1 121 -1 Cryogonal 15 0 0 0 0 0 0 301
616 -1 -1 -1 122 -1 Shelmet 7 0 0 0 0 0 0 302
617 -1 -1 -1 123 -1 Accelgor 7 0 0 0 0 0 0 302
618 -1 -1 -1 124 -1 Stunfisk 5 13 0 0 0 0 0 303
619 -1 -1 -1 125 -1 Mienfoo 2 0 0 0 0 0 0 304
620 -1 -1 -1 126 -1 Mienshao 2 0 0 0 0 0 0 304
621 -1 -1 -1 127 -1 Druddigon 16 0 0 0 0 0 0 305
622 -1 -1 -1 128 -1 Golett 5 8 0 0 0 0 0 306
623 -1 -1 -1 129 -1 Golurk 5 8 0 0 0 0 0 306
624 -1 -1 -1 130 -1 Pawniard 17 9 0 0 0 0 0 307
625 -1 -1 -1 131 -1 Bisharp 17 9 0 0 0 0 0 307
626 -1 -1 -1 132 -1 Bouffalant 1 0 0 0 0 0 0 308
627 -1 -1 -1 133 -1 Rufflet 1 3 0 0 0 0 0 309
628 -1 -1 -1 134 -1 Braviary 1 3 0 0 0 0 0 309
629 -1 -1 -1 135 -1 Vullaby 17 3 0 0 0 0 0 310
630 -1 -1 -1 136 -1 Mandibuzz 17 3 0 0 0 0 0 310
631 -1 -1 -1 137 -1 Heatmor 10 0 0 0 0 0 0 311
632 -1 -1 -1 138 -1 Durant 7 9 0 0 0 0 0 312
633 -1 -1 -1 139 -1 Deino 17 16 0 0 0 0 0 313
634 -1 -1 -1 140 -1 Zweilous 17 16 0 0 0 0 0 313
635 -1 -1 -1 141 -1 Hydreigon 17 16 0 0 0 0 0 313
636 -1 -1 -1 142 -1 Larvesta 7 10 0 0 0 0 0 314
637 -1 -1 -1 143 -1 Volcarona 7 10 0 0 0 0 0 314
638 -1 -1 -1 144 -1 Cobalion 9 2 0 0 0 0 0 315
639 -1 -1 -1 145 -1 Terrakion 6 2 0 0 0 0 0 316
640 -1 -1 -1 146 -1 Virizion 12 2 0 0 0 0 0 317
641 -1 -1 -1 147 -1 Tornadus 3 0 0 0 0 0 0 318
642 -1 -1 -1 148 -1 Thundurus 13 3 0 0 0 0 0 319
643 -1 -1 -1 149 -1 Reshiram 16 10 0 0 0 0 0 320
644 -1 -1 -1 150 -1 Zekrom 16 13 0 0 0 0 0 321
645 -1 -1 -1 151 -1 Landorus 5 3 0 0 0 0 0 322
646 -1 -1 -1 152 -1 Kyurem 16 15 0 0 0 0 0 323
647 -1 -1 -1 153 -1 Keldeo 11 2 0 0 0 0 0 324
648 -1 -1 -1 154 -1 Meloetta 1 14 0 0 0 0 0 325
649 -1 -1 -1 155 -1 Genesect 7 9 0 0 0 0 0 326
650 -1 -1 -1 -1 1 Chespin 12 0 0 0 0 0 0 327
651 -1 -1 -1 -1 2 Quilladin 12 0 0 0 0 0 0 327
652 -1 -1 -1 -1 3 Chesnaught 12 2 0 0 0 0 0 327
653 -1 -1 -1 -1 4 Fennekin 10 0 0 0 0 0 0 328
654 -1 -1 -1 -1 5 Braixen 10 0 0 0 0 0 0 328
655 -1 -1 -1 -1 6 Delphox 10 14 0 0 0 0 0 328
656 -1 -1 -1 -1 7 Froakie 11 0 0 0 0 0 0 329
657 -1 -1 -1 -1 8 Frogadier 11 0 0 0 0 0 0 329
658 -1 -1 -1 -1 9 Greninja 11 17 0 0 0 0 0 329
659 -1 -1 -1 -1 10 Bunnelby 1 0 0 0 0 0 0 330
660 -1 -1 -1 -1 11 Diggersby 1 5 0 0 0 0 0 330
661 -1 -1 -1 -1 14 Fletchling 1 3 0 0 0 0 0 331
662 -1 -1 -1 -1 15 Fletchinder 10 3 0 0 0 0 0 331
663 -1 -1 -1 -1 16 Talonflame 10 3 0 0 0 0 0 331
664 -1 -1 -1 -1 20 Scatterbug 7 0 0 0 0 0 0 332
665 -1 -1 -1 -1 21 Spewpa 7 0 0 0 0 0 0 332
666 -1 -1 -1 -1 22 Vivillon 7 3 0 0 0 0 0 332
667 -1 -1 -1 -1 57 Litleo 10 1 0 0 0 0 0 333
668 -1 -1 -1 -1 58 Pyroar 10 1 0 0 0 0 0 333
669 -1 -1 -1 -1 68 Flabebe 18 0 0 0 0 0 0 334
670 -1 -1 -1 -1 69 Floette 18 0 0 0 0 0 0 334
671 -1 -1 -1 -1 70 Florges 18 0 0 0 0 0 0 334
672 -1 -1 -1 -1 89 Skiddo 12 0 0 0 0 0 0 335
673 -1 -1 -1 -1 90 Gogoat 12 0 0 0 0 0 0 335
674 -1 -1 -1 -1 91 Pancham 2 0 0 0 0 0 0 336
675 -1 -1 -1 -1 92 Pangoro 2 17 0 0 0 0 0 336
676 -1 -1 -1 -1 93 Furfrou 1 0 0 0 0 0 0 337
677 -1 -1 -1 -1 114 Espurr 14 0 0 0 0 0 0 338
678 -1 -1 -1 -1 115 Meowstic 14 0 0 0 0 0 0 338
679 -1 -1 -1 -1 117 Honedge 9 8 0 0 0 0 0 339
680 -1 -1 -1 -1 118 Doublade 9 8 0 0 0 0 0 339
681 -1 -1 -1 -1 119 Aegislash 9 8 0 0 0 0 0 339
682 -1 -1 -1 -1 129 Spritzee 18 0 0 0 0 0 0 340
683 -1 -1 -1 -1 130 Aromatisse 18 0 0 0 0 0 0 340
684 -1 -1 -1 -1 131 Swirlix 18 0 0 0 0 0 0 341
685 -1 -1 -1 -1 132 Slurpuff 18 0 0 0 0 0 0 341
686 -1 -1 -1 -1 10 Inkay 17 14 0 0 0 0 0 342
687 -1 -1 -1 -1 11 Malamar 17 14 0 0 0 0 0 342
688 -1 -1 -1 -1 21 Binacle 6 11 0 0 0 0 0 343
689 -1 -1 -1 -1 22 Barbaracle 6 11 0 0 0 0 0 343
690 -1 -1 -1 -1 30 Skrelp 4 11 0 0 0 0 0 344
691 -1 -1 -1 -1 31 Dragalge 4 16 0 0 0 0 0 344
692 -1 -1 -1 -1 32 Clauncher 11 0 0 0 0 0 0 345
693 -1 -1 -1 -1 33 Clawitzer 11 0 0 0 0 0 0 345
694 -1 -1 -1 -1 46 Helioptile 13 1 0 0 0 0 0 346
695 -1 -1 -1 -1 47 Heliolisk 13 1 0 0 0 0 0 346
696 -1 -1 -1 -1 64 Tyrunt 6 16 0 0 0 0 0 347
697 -1 -1 -1 -1 65 Tyrantrum 6 16 0 0 0 0 0 347
698 -1 -1 -1 -1 66 Amaura 6 15 0 0 0 0 0 348
699 -1 -1 -1 -1 67 Aurorus 6 15 0 0 0 0 0 348
700 -1 -1 -1 -1 85 Sylveon 18 0 0 0 0 0 0 65
701 -1 -1 -1 -1 89 Hawlucha 2 3 0 0 0 0 0 349
702 -1 -1 -1 -1 110 Dedenne 13 18 0 0 0 0 0 350
703 -1 -1 -1 -1 124 Carbink 6 18 0 0 0 0 0 351
704 -1 -1 -1 -1 19 Goomy 16 0 0 0 0 0 0 352
705 -1 -1 -1 -1 20 Sliggoo 16 0 0 0 0 0 0 352
706 -1 -1 -1 -1 21 Goodra 16 0 0 0 0 0 0 352
707 -1 -1 -1 -1 50 Klefki 9 18 0 0 0 0 0 353
708 -1 -1 -1 -1 61 Phantump 8 12 0 0 0 0 0 354
709 -1 -1 -1 -1 62 Trevenant 8 12 0 0 0 0 0 354
710 -1 -1 -1 -1 63 Pumpkaboo 8 12 0 0 0 0 0 355
711 -1 -1 -1 -1 64 Gourgeist 8 12 0 0 0 0 0 355
712 -1 -1 -1 -1 79 Bergmite 15 0 0 0 0 0 0 356
713 -1 -1 -1 -1 80 Avalugg 15 0 0 0 0 0 0 356
714 -1 -1 -1 -1 113 Noibat 3 16 0 0 0 0 0 357
715 -1 -1 -1 -1 114 Noivern 3 16 0 0 0 0 0 357
716 -1 -1 -1 -1 148 Xerneas 18 0 0 0 0 0 0 358
717 -1 -1 -1 -1 149 Yveltal 17 3 0 0 0 0 0 359
718 -1 -1 -1 -1 150 Zygarde 16 5 0 0 0 0 0 360
719 -1 -1 -1 -1 151 Diancie 6 18 0 0 0 0 0 361
720 -1 -1 -1 -1 152 Hoopa 14 8 0 0 0 0 0 362
721 -1 -1 -1 -1 153 Volcanion 10 11 0 0 0 0 0 363
